38971	74712	24125	66036	26504	28942	74264	88736	18818	71852	28310	56740	10736	16809	16566	48580	35561	62065	76942	47727	49432	11095	40514	32574	38323	61389	65317	67770	89472	93219	
23212	99084	32109	87797	46089	17533	18018	25871	46202	94439	77208	93484	19670	55999	15745	81836	96207	91263	46599	66217	15014	99522	81340	34517	93772	31858	99647	40381	28824	11467	
18374	95095	56793	48674	31243	20389	90557	71452	29463	85651	38835	78588	88652	28809	34278	13117	10992	97978	75050	31777	31142	35992	84876	49792	91502	91979	86551	10245	85996	98458	
72183	32752	24730	45407	75556	60001	30642	94839	87473	37565	18615	88039	35018	63586	77971	67541	65844	62853	62911	94432	69146	59502	12672	80986	10285	37592	17146	57739	49218	34538	
66765	21409	70447	20397	70138	49696	58658	32973	93163	59393	74932	64604	29912	96044	40436	67567	82550	45796	29441	91155	85508	75178	86360	29683	80882	27243	51986	37593	63658	93184	
19538	39929	60931	23102	56030	81819	74235	95992	63992	77539	96222	71396	52918	68315	20461	39841	17124	32349	97027	84176	49398	75286	35234	73907	29639	34656	33245	94543	11844	96728	
59854	18353	73740	76172	78886	20246	20813	90189	69245	99862	12853	65173	31231	45484	45396	70910	56569	25062	77274	87317	29376	36728	94715	32065	23149	99881	69877	33682	89300	63678	
48587	15330	88665	43112	36057	34543	44575	63948	76722	19780	36560	69154	67712	60851	88288	64188	21990	73056	61473	35461	16768	35206	29763	26179	66882	42174	18768	83749	13155	25717	
74595	19093	61572	44278	99260	38911	20474	99960	79996	51454	74221	67807	76978	24757	44653	70630	16347	29725	58503	89181	74161	87537	17014	65805	22483	65273	61350	43604	74482	82791	
58888	69512	77720	88296	25560	98483	47155	21515	23167	24183	88299	44553	66134	14101	83588	82598	26970	36570	25393	87459	67482	90889	32016	18283	23146	46427	18618	21550	40991	14007	
67663	19289	21641	20716	39536	98838	89181	92900	19110	30139	22227	76311	27060	15273	57505	84614	37835	21555	61180	52816	46650	45465	68590	86664	61452	67959	65627	96178	59955	57802	
91727	81882	50082	16067	26367	23835	55973	32654	90484	65231	15909	34984	30645	47112	80509	11437	10999	99540	64531	54958	89874	49438	23649	79632	39228	63435	24975	32321	76593	38028	
13319	13489	23324	32627	54183	79007	60367	87804	23336	40243	60785	28967	45769	97740	65116	96593	21837	35840	30634	54448	84686	14959	89821	34272	89600	28368	20837	90827	12966	65619	
85141	16529	35899	89844	22670	25203	34786	58842	51447	96296	33764	80135	31924	72066	21120	15504	43136	77040	36949	15546	99939	32282	60860	54784	82566	93056	95843	83172	23510	53012	
49261	11450	94814	97241	56700	41361	79693	72821	26025	36521	34974	60985	15781	21688	15104	80241	54018	14141	67794	37125	48437	78971	96615	82101	43412	99968	93390	96224	21999	75687	
45294	65422	24107	33435	36239	16223	96155	87377	93618	20129	72205	61183	18115	60067	93838	27630	53335	47529	95657	84140	34740	91152	28434	10656	30434	60912	42553	93552	53384	37631	
57799	48438	76468	93087	45712	88804	69242	85631	33249	86555	12616	86693	49661	45399	55962	52227	78761	41094	74435	57782	15268	34928	38112	51119	33723	18905	16876	23547	49846	53316	
59742	37601	71836	11110	73872	32691	19861	36718	72209	11055	60636	52075	97165	72894	42364	82899	84510	45153	57254	74606	58575	96359	72572	66099	85840	19680	86682	16711	70607	21358	
65528	53637	68026	58208	92773	31375	80494	58710	43843	74742	16717	59162	84190	64401	98558	83963	82962	25242	45977	61148	26803	30757	97299	43337	24239	35292	75675	32897	25758	40658	
86113	98970	64508	94200	99320	64991	88563	56545	84958	57685	23031	75930	18685	20561	25051	47318	20642	99046	42608	44374	51852	82129	93410	22214	63939	97383	88488	58096	48668	43313	
49620	65760	27093	90792	10114	52461	39476	51579	20062	83531	50655	96301	93164	26739	75772	18555	38860	52976	36528	11764	25662	61701	18415	92311	10887	94981	15692	31684	84788	42620	
34230	80905	52055	87508	79126	81320	13708	56670	68957	16824	78171	34001	31282	85477	43234	49529	60124	78968	98244	82787	89805	20813	47937	30563	24072	22408	49410	26001	27803	41771	
64235	60302	58398	77451	87834	90483	45609	92007	95050	23800	67748	50944	57119	54338	62895	33951	36054	50345	62165	36291	26199	70965	93363	58308	31657	59273	79973	27346	96479	39996	
31187	60807	87426	38225	50988	43468	89210	51983	98625	89867	96643	30485	59093	73675	42936	75116	50926	55573	71182	49018	81527	98316	14223	58745	15531	80994	60761	41578	74204	22241	
71297	68700	80530	44585	66762	72151	86469	65012	76132	94625	56991	54445	31173	86116	89770	22568	27387	82337	23298	89703	87944	62583	26436	29763	40613	38921	38271	36853	33693	58633	
90291	52790	73603	22102	20850	74473	78826	47045	44646	68087	87396	99313	13323	85869	54889	58551	33537	99106	24771	24995	68382	33783	89640	15112	30368	84614	63327	20299	18230	79303	
87539	28341	36569	82781	65677	24770	43840	70127	49967	48112	68179	86910	94302	58059	79796	13469	71609	10616	61046	55499	70231	62921	45301	66135	19265	75648	60384	14278	48015	36582	
60479	91127	49603	84553	80783	97558	89166	97192	24620	77978	71432	87253	37775	39450	88357	67993	44539	38120	92552	37407	53409	26648	22052	57940	40089	85886	34877	34996	67993	62416	
90718	10354	82417	91687	65382	68061	28658	94497	36824	12875	61159	73594	37009	98960	35620	80925	97819	67916	58050	10149	88310	75736	61208	22152	74718	84979	30257	36274	79536	99746	
70177	71666	98331	47163	10835	33310	65617	45773	97708	89236	76519	86093	63542	58296	26267	37120	28030	73225	18878	44338	68798	13079	83444	72281	23850	50195	19442	50545	66309	75298	
50354	48721	77292	28508	82991	40728	83997	27741	30840	34077	64343	23159	18356	73842	79405	94434	17786	78837	36190	82063	98879	45904	24046	68288	47973	26106	69517	72873	68495	31033	
11285	57026	74007	37795	45607	35932	32350	77558	52025	74464	53460	26727	32925	16551	83531	84848	52988	83812	54352	76481	11066	45896	66958	91673	21543	61282	26552	99789	64444	72321	
97158	70021	24845	80748	87501	12752	44400	59240	25460	23554	87197	18510	96051	51573	82459	95584	67251	38089	51403	73688	96480	55179	66990	55676	74536	86117	33577	87669	49151	50122	
48610	77696	70825	79267	71128	83382	35652	15238	20421	31866	42097	34539	96206	33289	44496	16915	52827	37950	89614	19421	43984	70480	48721	24596	19888	61235	64005	87273	46324	39509	
38201	97415	51543	53453	31787	51965	60918	10327	83788	94477	35344	11446	91233	87626	44888	91603	17598	25293	44710	82415	14687	63565	85799	19140	44087	40571	12787	42190	79846	35231	
50609	10503	57600	80196	54010	44576	10551	29948	75926	17051	26958	91981	76535	14469	72627	66260	64476	39400	11526	12390	81115	78519	38325	48304	23443	94351	61022	32021	50243	32733	
12280	88816	24334	88840	13888	51083	44424	53180	80370	13004	95744	98600	38487	18133	62845	86081	57077	14753	82350	45449	93896	49264	27013	80910	96627	82630	56509	45073	98757	85486	
72459	13691	17352	11303	95059	94552	53601	74612	77655	92902	58519	15000	40490	90008	38123	47679	41635	42217	49263	27636	97723	91112	68366	37016	94749	67748	54189	40763	69797	54307	
55508	90059	73879	58005	59715	50694	48361	83247	17770	98360	74044	61205	65479	92171	33044	48437	61663	51747	55208	11773	67386	14484	44260	62864	95908	88083	28294	73354	85616	20423	
43585	76115	63095	90364	88816	47208	46984	18094	89871	54317	92241	53197	98198	36357	35996	17471	66012	78166	50753	17496	91761	72129	79136	51026	88052	52033	43448	40135	88537	22849	
67992	69102	56778	67266	96012	87973	77002	45715	86857	38205	27758	67845	34108	58420	20028	28791	86719	88225	22727	58418	79949	39145	12329	18605	91620	70552	28899	84317	64337	74916	
40328	45829	30519	13770	62200	89459	40520	45954	25818	55393	62411	14974	12353	48311	85126	13650	70690	51421	30150	72987	84820	99693	72034	90667	99813	38924	59461	28138	12036	51965	
42405	80627	85082	54553	35563	61732	44648	15469	78106	25761	46896	34033	88484	97745	25940	12681	74760	62177	77632	68932	98381	17598	76788	50713	70863	64761	18434	55991	82805	18845	
15366	89603	35253	60014	28957	42706	71077	87750	83628	44977	44524	93895	21918	91388	47054	97375	86193	39151	26208	19721	17706	40943	51166	76240	57714	70727	31725	82253	95022	27002	
34231	67155	67561	60324	50667	95224	29843	40236	85944	86312	20380	86052	98419	66675	31911	40207	71581	11876	23226	13611	46059	17386	78464	63274	33300	41217	29171	92655	45146	46575	
93812	91715	89556	51506	53217	62979	25923	19566	24530	25347	51272	35651	99850	33987	47849	15862	96587	23491	70673	87904	55743	26133	19994	60398	19069	96177	64409	78603	76530	41508	
57967	48337	44566	15086	10317	85895	69226	92517	45439	42496	95155	70127	50627	95396	69356	73331	76949	93785	64320	79578	25150	75612	34788	51469	61919	44851	18000	96369	84729	22988	
52809	32853	64847	99889	25144	72769	47841	44555	39959	69028	50689	88837	45668	30298	20790	76258	32301	50040	13880	94432	86867	49586	12193	23478	52154	19249	47788	73754	63107	37940	
14647	17256	34781	87010	90018	50577	10880	70807	76608	69195	94501	51355	89978	35566	74195	40807	69433	93387	14109	33856	26476	19291	83026	65547	17628	79471	10451	63403	32910	75599	
21518	98664	18686	46997	52608	20499	76473	99182	63881	60136	72626	79032	88909	91676	93239	16950	36479	37570	41533	33791	72472	47877	42844	55556	87447	91108	11626	43228	76981	51827	
77057	75573	91067	78610	96291	41823	86045	49306	88202	87938	22751	80370	98975	53256	50244	95709	37101	43845	24576	40141	27059	80642	31000	54609	55197	64957	58693	38653	11620	56451	
98112	63935	98235	84710	95937	87547	68530	78793	46284	12180	99592	52209	15916	39203	11823	60962	42956	21721	60472	56420	39676	23419	71126	70972	92771	33924	49146	77441	94363	73835	
47403	79775	97257	67564	65115	17153	84565	25124	21308	95482	28768	45828	32340	93119	84671	45890	52201	74458	33048	70243	97357	31080	10801	33355	29079	67402	51691	72014	36318	79855	
63357	14576	85159	59139	94498	92435	74190	28491	61589	74395	95215	50978	76861	27087	21433	39404	83789	19367	86243	11423	66485	11776	12473	73854	11787	21652	94741	89627	30013	53973	
77564	54844	84784	24975	43735	66551	29541	85221	75136	47635	74860	89290	87043	63381	14992	42637	80817	87206	13056	23839	73521	98572	29409	27272	10594	43928	81984	62371	99656	33298	
73904	52262	67503	69890	46554	80076	32008	95752	47101	23014	28429	69894	85893	21934	67426	87455	62175	76738	33321	80543	20720	89716	68527	22240	90215	61836	43396	75389	32126	90608	
99409	78752	46449	32708	11414	44204	78816	84437	94992	15644	97147	59410	67135	61890	60868	30227	57661	40809	36910	13836	76646	82478	61707	47141	56126	48407	14496	99307	76737	67926	
25729	65230	32811	75548	13151	53600	25287	96542	99826	91139	60411	53710	58680	28047	42276	43010	24370	15895	22448	46569	81533	67757	51577	59559	23840	13360	58796	81742	78569	11173	
86831	24767	55933	46927	35461	13899	17134	30364	25016	45670	29571	25741	75689	30652	52669	21379	28609	50912	34858	36124	50434	53870	75257	95544	96479	88823	22357	17427	63683	83735	
64953	96535	14579	46939	63784	97606	36892	84946	47366	72116	26304	39697	63954	48905	95843	48724	84654	39499	19775	34953	35751	30846	70738	60687	81111	86613	82608	18485	17969	69807	
75249	91552	53332	90179	27210	36132	37596	13248	52540	77843	46297	85599	46298	92752	60151	79057	35578	23968	72425	60914	68669	97167	27129	78836	82372	67943	70861	18382	81619	73261	
97619	22686	52717	26690	61198	92421	93509	57175	99750	17051	92184	15141	71939	95907	32525	93355	24627	41330	65966	31291	36166	23985	94142	84935	15765	15639	76622	70089	77588	66518	
30374	89566	93114	90248	29550	85844	86956	44193	43152	30432	55392	46375	20452	57040	67025	90171	63944	82343	90700	50347	12433	38504	24503	35402	16186	19315	69812	34773	53208	42069	
24399	11065	48135	39103	53999	65232	66416	64663	72913	20531	87356	82881	35790	63771	59481	56470	50364	93296	30769	82590	27253	14215	45470	31372	10009	55818	43646	75200	83825	14865	
94065	90926	56851	57127	55363	59302	10918	70148	31154	53436	77277	12632	91097	69686	73892	20877	10852	79602	44277	55231	88651	39590	44417	12636	27133	50077	45168	12307	16300	49871	
72528	94665	66957	13748	30013	93149	20000	57345	23172	18761	26926	18866	24331	90746	71535	58397	16834	32543	16867	67478	87282	49553	49281	22957	84962	30870	31525	26435	38338	65039	
89644	43550	76985	36491	38948	87448	28892	32490	70095	89393	54336	55965	44729	78406	84376	52927	96795	97664	73449	36821	

RadixSort


10009	10114	10149	10245	10285	10317	10327	10354	10451	10503	10551	10594	10616	10656	10736	10801	10835	10852	10880	10887	10918	10992	10999	11055	11065	11066	11095	11110	11173	11285	
11303	11414	11423	11437	11446	11450	11467	11526	11620	11626	11764	11773	11776	11787	11823	11844	11876	12036	12180	12193	12280	12307	12329	12353	12390	12433	12473	12616	12632	12636	
12672	12681	12752	12787	12853	12875	12966	13004	13056	13079	13117	13151	13155	13248	13319	13323	13360	13469	13489	13611	13650	13691	13708	13748	13770	13836	13880	13888	13899	14007	
14101	14109	14141	14215	14223	14278	14469	14484	14496	14576	14579	14647	14687	14753	14865	14959	14974	14992	15000	15014	15086	15104	15112	15141	15238	15268	15273	15330	15366	15469	
15504	15531	15546	15639	15644	15692	15745	15765	15781	15862	15895	15909	15916	16067	16186	16223	16300	16347	16529	16551	16566	16711	16717	16768	16809	16824	16834	16867	16876	16915	
16950	17014	17051	17051	17124	17134	17146	17153	17256	17352	17386	17427	17471	17496	17533	17598	17598	17628	17706	17770	17786	17969	18000	18018	18094	18115	18133	18230	18283	18353	
18356	18374	18382	18415	18434	18485	18510	18555	18605	18615	18618	18685	18686	18761	18768	18818	18845	18866	18878	18905	19069	19093	19110	19140	19249	19265	19289	19291	19315	19367	
19421	19442	19538	19566	19670	19680	19721	19775	19780	19861	19888	19994	20000	20028	20062	20129	20246	20299	20380	20389	20397	20421	20423	20452	20461	20474	20499	20531	20561	20642	
20716	20720	20790	20813	20813	20837	20850	20877	21120	21308	21358	21379	21409	21433	21515	21518	21543	21550	21555	21641	21652	21688	21721	21837	21918	21934	21990	21999	22052	22102	
22152	22214	22227	22240	22241	22357	22408	22448	22483	22568	22670	22686	22727	22751	22849	22957	22988	23014	23031	23102	23146	23149	23159	23167	23172	23212	23226	23298	23324	23336	
23419	23443	23478	23491	23510	23547	23554	23649	23800	23835	23839	23840	23850	23968	23985	24046	24072	24107	24125	24183	24239	24331	24334	24370	24399	24503	24530	24576	24596	24620	
24627	24730	24757	24767	24770	24771	24845	24975	24975	24995	25016	25051	25062	25124	25144	25150	25203	25242	25287	25293	25347	25393	25460	25560	25662	25717	25729	25741	25758	25761	
25818	25871	25923	25940	26001	26025	26106	26133	26179	26199	26208	26267	26304	26367	26435	26436	26476	26504	26552	26648	26690	26727	26739	26803	26926	26958	26970	27002	27013	27059	
27060	27087	27093	27129	27133	27210	27243	27253	27272	27346	27387	27630	27636	27741	27758	27803	28030	28047	28138	28294	28310	28341	28368	28429	28434	28491	28508	28609	28658	28768	
28791	28809	28824	28892	28899	28942	28957	28967	29079	29171	29376	29409	29441	29463	29541	29550	29571	29639	29683	29725	29763	29763	29843	29912	29948	30013	30013	30139	30150	30227	
30257	30298	30364	30368	30374	30432	30434	30485	30519	30563	30634	30642	30645	30652	30757	30769	30840	30846	30870	31000	31033	31080	31142	31154	31173	31187	31231	31243	31282	31291	
31372	31375	31525	31657	31684	31725	31777	31787	31858	31866	31911	31924	32008	32016	32021	32065	32109	32126	32282	32301	32321	32340	32349	32350	32490	32525	32543	32574	32627	32654	
32691	32708	32733	32752	32811	32853	32897	32910	32925	32973	33044	33048	33245	33249	33289	33298	33300	33310	33321	33355	33435	33537	33577	33682	33693	33723	33764	33783	33791	33856	
33924	33951	33987	34001	34033	34077	34108	34230	34231	34272	34278	34517	34538	34539	34543	34656	34740	34773	34781	34786	34788	34858	34877	34928	34953	34974	34984	34996	35018	35206	
35231	35234	35253	35292	35344	35402	35461	35461	35561	35563	35566	35578	35620	35651	35652	35751	35790	35840	35899	35932	35992	35996	36054	36057	36124	36132	36166	36190	36239	36274	
36291	36318	36357	36479	36491	36521	36528	36560	36569	36570	36582	36718	36728	36821	36824	36853	36892	36910	36949	37009	37016	37101	37120	37125	37407	37565	37570	37592	37593	37596	
37601	37631	37775	37795	37835	37940	37950	38028	38089	38112	38120	38123	38201	38205	38225	38271	38323	38325	38338	38487	38504	38653	38835	38860	38911	38921	38924	38948	38971	39103	
39145	39151	39203	39228	39400	39404	39450	39476	39499	39509	39536	39590	39676	39697	39841	39929	39959	39996	40089	40135	40141	40207	40236	40243	40328	40381	40436	40490	40514	40520	
40571	40613	40658	40728	40763	40807	40809	40943	40991	41094	41217	41330	41361	41508	41533	41578	41635	41771	41823	42069	42097	42174	42190	42217	42276	42364	42405	42496	42553	42608	
42620	42637	42706	42844	42936	42956	43010	43112	43136	43152	43228	43234	43313	43337	43396	43412	43448	43468	43550	43585	43604	43646	43735	43840	43843	43845	43928	43984	44087	44193	
44204	44260	44277	44278	44338	44374	44400	44417	44424	44496	44524	44539	44553	44555	44566	44575	44576	44585	44646	44648	44653	44710	44729	44851	44888	44977	45073	45146	45153	45168	
45294	45301	45396	45399	45407	45439	45449	45465	45470	45484	45607	45609	45668	45670	45712	45715	45769	45773	45796	45828	45829	45890	45896	45904	45954	45977	46059	46089	46202	46284	
46297	46298	46324	46375	46427	46449	46554	46569	46575	46599	46650	46896	46927	46939	46984	46997	47045	47054	47101	47112	47141	47155	47163	47208	47318	47366	47403	47529	47635	47679	
47727	47788	47841	47849	47877	47937	47973	48015	48112	48135	48304	48311	48337	48361	48407	48437	48437	48438	48580	48587	48610	48668	48674	48721	48721	48724	48905	49018	49146	49151	
49218	49261	49263	49264	49281	49306	49398	49410	49432	49438	49529	49553	49586	49603	49620	49661	49696	49792	49846	49871	49967	50040	50077	50082	50122	50195	50243	50244	50345	50347	
50354	50364	50434	50545	50577	50609	50627	50655	50667	50689	50694	50713	50753	50912	50926	50944	50978	50988	51026	51083	51119	51166	51272	51355	51403	51421	51447	51454	51469	51506	
51543	51573	51577	51579	51691	51747	51827	51852	51965	51965	51983	51986	52025	52033	52055	52075	52154	52201	52209	52227	52262	52461	52540	52608	52669	52717	52790	52809	52816	52827	
52918	52927	52976	52988	53012	53180	53197	53208	53217	53256	53316	53332	53335	53384	53409	53436	53453	53460	53600	53601	53637	53710	53870	53973	53999	54010	54018	54183	54189	54307	
54317	54336	54338	54352	54445	54448	54553	54609	54784	54844	54889	54958	55179	55197	55208	55231	55363	55392	55393	55499	55508	55556	55573	55676	55743	55818	55933	55962	55965	55973	
55991	55999	56030	56126	56420	56451	56470	56509	56545	56569	56670	56700	56740	56778	56793	56851	56991	57026	57040	57077	57119	57127	57175	57254	57345	57505	57600	57661	57685	57714	
57739	57782	57799	57802	57940	57967	58005	58050	58059	58096	58208	58296	58308	58397	58398	58418	58420	58503	58519	58551	58575	58633	58658	58680	58693	58710	58745	58796	58842	58888	
59093	59139	59162	59240	59273	59302	59393	59410	59461	59481	59502	59559	59715	59742	59854	59955	60001	60014	60067	60124	60136	60151	60302	60324	60367	60384	60398	60411	60472	60479	
60636	60687	60761	60785	60807	60851	60860	60868	60912	60914	60918	60931	60962	60985	61022	61046	61148	61159	61180	61183	61198	61205	61208	61235	61282	61350	61389	61452	61473	61572	
61589	61663	61701	61707	61732	61836	61890	61919	62065	62165	62175	62177	62200	62371	62411	62416	62583	62845	62853	62864	62895	62911	62921	62979	63095	63107	63274	63327	63357	63381	
63403	63435	63542	63565	63586	63658	63678	63683	63771	63784	63881	63935	63939	63944	63948	63954	63992	64005	64188	64235	64320	64337	64343	64401	64409	64444	64476	64508	64531	64604	
64663	64761	64847	64953	64957	64991	65012	65039	65115	65116	65173	65230	65231	65232	65273	65317	65382	65422	65479	65528	65547	65617	65619	65627	65677	65760	65805	65844	65966	66012	
66036	66099	66134	66135	66217	66260	66309	66416	66485	66518	66551	66675	66762	66765	66882	66957	66958	66990	67025	67135	67155	67251	67266	67386	67402	67426	67478	67482	67503	67541	
67561	67564	67567	67663	67712	67748	67748	67757	67770	67794	67807	67845	67916	67926	67943	67959	67992	67993	67993	68026	68061	68087	68179	68288	68315	68366	68382	68495	68527	68530	
68590	68669	68700	68798	68932	68957	69028	69102	69146	69154	69195	69226	69242	69245	69356	69433	69512	69517	69686	69797	69807	69812	69877	69890	69894	70021	70089	70095	70127	70127	
70138	70148	70177	70231	70243	70447	70480	70552	70607	70630	70673	70690	70727	70738	70807	70825	70861	70863	70910	70965	70972	71077	71126	71128	71182	71297	71396	71432	71452	71535	
71581	71609	71666	71836	71852	71939	72014	72034	72066	72116	72129	72151	72183	72205	72209	72281	72321	72425	72459	72472	72528	72572	72626	72627	72769	72821	72873	72894	72913	72987	
73056	73225	73261	73331	73354	73449	73521	73594	73603	73675	73688	73740	73754	73835	73842	73854	73872	73879	73892	73904	73907	74007	74044	74161	74190	74195	74204	74221	74235	74264	
74395	74435	74458	74464	74473	74482	74536	74595	74606	74612	74712	74718	74742	74760	74860	74916	74932	75050	75116	75136	75178	75200	75249	75257	75286	75298	75389	75548	75556	75573	
75599	75612	75648	75675	75687	75689	75736	75772	75926	75930	76115	76132	76172	76240	76258	76311	76468	76473	76481	76519	76530	76535	76593	76608	76622	76646	76722	76737	76738	76788	
76861	76942	76949	76978	76981	76985	77002	77040	77057	77208	77274	77277	77292	77441	77451	77539	77558	77564	77588	77632	77655	77696	77720	77843	77971	77978	78106	78166	78171	78406	
78464	78519	78569	78588	78603	78610	78752	78761	78793	78816	78826	78836	78837	78886	78968	78971	79007	79032	79057	79126	79136	79267	79303	79405	79471	79536	79578	79602	79632	79693	
79775	79796	79846	79855	79949	79973	79996	80076	80135	80196	80241	80370	80370	80494	80509	80530	80543	80627	80642	80748	80783	80817	80882	80905	80910	80925	80986	80994	81111	81115	
81320	81340	81527	81533	81619	81742	81819	81836	81882	81984	82063	82101	82129	82253	82337	82343	82350	82372	82415	82417	82459	82478	82550	82566	82590	82598	82608	82630	82781	82787	
82791	82805	82881	82899	82962	82991	83026	83172	83247	83382	83444	83531	83531	83588	83628	83735	83749	83788	83789	83812	83825	83963	83997	84140	84176	84190	84317	84376	84437	84510	
84553	84565	84614	84614	84654	84671	84686	84710	84729	84784	84788	84820	84848	84876	84935	84946	84958	84962	84979	85082	85126	85141	85159	85221	85477	85486	85508	85599	85616	85631	
85651	85799	85840	85844	85869	85886	85893	85895	85944	85996	86045	86052	86081	86093	86113	86116	86117	86193	86243	86312	86360	86469	86551	86555	86613	86664	86682	86693	86719	86831	
86857	86867	86910	86956	87010	87043	87197	87206	87253	87273	87282	87317	87356	87377	87396	87426	87447	87448	87455	87459	87473	87501	87508	87537	87539	87547	87626	87669	87750	87797	
87804	87834	87904	87938	87944	87973	88039	88052	88083	88202	88225	88288	88296	88299	88310	88357	88484	88488	88537	88563	88651	88652	88665	88736	88804	88816	88816	88823	88837	88840	
88909	89166	89181	89181	89210	89236	89290	89300	89393	89459	89472	89556	89566	89600	89603	89614	89627	89640	89644	89703	89716	89770	89805	89821	89844	89867	89871	89874	89978	90008	
90018	90059	90171	90179	90189	90215	90248	90291	90364	90483	90484	90557	90608	90667	90700	90718	90746	90792	90827	90889	90926	91067	91097	91108	91112	91127	91139	91152	91155	91233	
91263	91388	91502	91552	91603	91620	91673	91676	91687	91715	91727	91761	91979	91981	92007	92171	92184	92241	92311	92421	92435	92517	92552	92655	92752	92771	92773	92900	92902	93056	
93087	93114	93119	93149	93163	93164	93184	93219	93239	93296	93355	93363	93387	93390	93410	93484	93509	93552	93618	93772	93785	93812	93838	93895	93896	94065	94142	94200	94302	94351	
94363	94432	94432	94434	94439	94477	94497	94498	94501	94543	94552	94625	94665	94715	94741	94749	94814	94839	94981	94992	95022	95050	95059	95095	95155	95215	95224	95396	95482	95544	
95584	95657	95709	95744	95752	95843	95843	95907	95908	95937	95992	96012	96044	96051	96155	96177	96178	96206	96207	96222	96224	96291	96296	96301	96359	96369	96479	96479	96480	96535	
96542	96587	96593	96615	96627	96643	96728	96795	97027	97147	97158	97165	97167	97192	97241	97257	97299	97357	97375	97383	97415	97558	97606	97619	97664	97708	97723	97740	97745	97819	
97978	98112	98198	98235	98244	98316	98331	98360	98381	98419	98458	98483	98558	98572	98600	98625	98664	98757	98838	98879	98960	98970	98975	99046	99084	99106	99182	99260	99307	99313	
99320	99409	99522	99540	99592	99647	99656	99693	99746	99750	99789	99813	99826	99850	99862	99881	99889	99939	99960	99968	