38971
74712
24125
66036
26504
28942
74264
88736
18818
71852
28310
56740
10736
16809
16566
48580
35561
62065
76942
47727
49432
11095
40514
32574
38323
61389
65317
67770
89472
93219
23212
99084
32109
87797
46089
17533
18018
25871
46202
94439
77208
93484
19670
55999
15745
81836
96207
91263
46599
66217
15014
99522
81340
34517
93772
31858
99647
40381
28824
11467
18374
95095
56793
48674
31243
20389
90557
71452
29463
85651
38835
78588
88652
28809
34278
13117
10992
97978
75050
31777
31142
35992
84876
49792
91502
91979
86551
10245
85996
98458
72183
32752
24730
45407
75556
60001
30642
94839
87473
37565
18615
88039
35018
63586
77971
67541
65844
62853
62911
94432
69146
59502
12672
80986
10285
37592
17146
57739
49218
34538
66765
21409
70447
20397
70138
49696
58658
32973
93163
59393
74932
64604
29912
96044
40436
67567
82550
45796
29441
91155
85508
75178
86360
29683
80882
27243
51986
37593
63658
93184
19538
39929
60931
23102
56030
81819
74235
95992
63992
77539
96222
71396
52918
68315
20461
39841
17124
32349
97027
84176
49398
75286
35234
73907
29639
34656
33245
94543
11844
96728
59854
18353
73740
76172
78886
20246
20813
90189
69245
99862
12853
65173
31231
45484
45396
70910
56569
25062
77274
87317
29376
36728
94715
32065
23149
99881
69877
33682
89300
63678
48587
15330
88665
43112
36057
34543
44575
63948
76722
19780
36560
69154
67712
60851
88288
64188
21990
73056
61473
35461
16768
35206
29763
26179
66882
42174
18768
83749
13155
25717
74595
19093
61572
44278
99260
38911
20474
99960
79996
51454
74221
67807
76978
24757
44653
70630
16347
29725
58503
89181
74161
87537
17014
65805
22483
65273
61350
43604
74482
82791
58888
69512
77720
88296
25560
98483
47155
21515
23167
24183
88299
44553
66134
14101
83588
82598
26970
36570
25393
87459
67482
90889
32016
18283
23146
46427
18618
21550
40991
14007
67663
19289
21641
20716
39536
98838
89181
92900
19110
30139
22227
76311
27060
15273
57505
84614
37835
21555
61180
52816
46650
45465
68590
86664
61452
67959
65627
96178
59955
57802
91727
81882
50082
16067
26367
23835
55973
32654
90484
65231
15909
34984
30645
47112
80509
11437
10999
99540
64531
54958
89874
49438
23649
79632
39228
63435
24975
32321
76593
38028
13319
13489
23324
32627
54183
79007
60367
87804
23336
40243
60785
28967
45769
97740
65116
96593
21837
35840
30634
54448
84686
14959
89821
34272
89600
28368
20837
90827
12966
65619
85141
16529
35899
89844
22670
25203
34786
58842
51447
96296
33764
80135
31924
72066
21120
15504
43136
77040
36949
15546
99939
32282
60860
54784
82566
93056
95843
83172
23510
53012
49261
11450
94814
97241
56700
41361
79693
72821
26025
36521
34974
60985
15781
21688
15104
80241
54018
14141
67794
37125
48437
78971
96615
82101
43412
99968
93390
96224
21999
75687
45294
65422
24107
33435
36239
16223
96155
87377
93618
20129
72205
61183
18115
60067
93838
27630
53335
47529
95657
84140
34740
91152
28434
10656
30434
60912
42553
93552
53384
37631
57799
48438
76468
93087
45712
88804
69242
85631
33249
86555
12616
86693
49661
45399
55962
52227
78761
41094
74435
57782
15268
34928
38112
51119
33723
18905
16876
23547
49846
53316
59742
37601
71836
11110
73872
32691
19861
36718
72209
11055
60636
52075
97165
72894
42364
82899
84510
45153
57254
74606
58575
96359
72572
66099
85840
19680
86682
16711
70607
21358
65528
53637
68026
58208
92773
31375
80494
58710
43843
74742
16717
59162
84190
64401
98558
83963
82962
25242
45977
61148
26803
30757
97299
43337
24239
35292
75675
32897
25758
40658
86113
98970
64508
94200
99320
64991
88563
56545
84958
57685
23031
75930
18685
20561
25051
47318
20642
99046
42608
44374
51852
82129
93410
22214
63939
97383
88488
58096
48668
43313
49620
65760
27093
90792
10114
52461
39476
51579
20062
83531
50655
96301
93164
26739
75772
18555
38860
52976
36528
11764
25662
61701
18415
92311
10887
94981
15692
31684
84788
42620
34230
80905
52055
87508
79126
81320
13708
56670
68957
16824
78171
34001
31282
85477
43234
49529
60124
78968
98244
82787
89805
20813
47937
30563
24072
22408
49410
26001
27803
41771
64235
60302
58398
77451
87834
90483
45609
92007
95050
23800
67748
50944
57119
54338
62895
33951
36054
50345
62165
36291
26199
70965
93363
58308
31657
59273
79973
27346
96479
39996
31187
60807
87426
38225
50988
43468
89210
51983
98625
89867
96643
30485
59093
73675
42936
75116
50926
55573
71182
49018
81527
98316
14223
58745
15531
80994
60761
41578
74204
22241
71297
68700
80530
44585
66762
72151
86469
65012
76132
94625
56991
54445
31173
86116
89770
22568
27387
82337
23298
89703
87944
62583
26436
29763
40613
38921
38271
36853
33693
58633
90291
52790
73603
22102
20850
74473
78826
47045
44646
68087
87396
99313
13323
85869
54889
58551
33537
99106
24771
24995
68382
33783
89640
15112
30368
84614
63327
20299
18230
79303
87539
28341
36569
82781
65677
24770
43840
70127
49967
48112
68179
86910
94302
58059
79796
13469
71609
10616
61046
55499
70231
62921
45301
66135
19265
75648
60384
14278
48015
36582
60479
91127
49603
84553
80783
97558
89166
97192
24620
77978
71432
87253
37775
39450
88357
67993
44539
38120
92552
37407
53409
26648
22052
57940
40089
85886
34877
34996
67993
62416
90718
10354
82417
91687
65382
68061
28658
94497
36824
12875
61159
73594
37009
98960
35620
80925
97819
67916
58050
10149
88310
75736
61208
22152
74718
84979
30257
36274
79536
99746
70177
71666
98331
47163
10835
33310
65617
45773
97708
89236
76519
86093
63542
58296
26267
37120
28030
73225
18878
44338
68798
13079
83444
72281
23850
50195
19442
50545
66309
75298
50354
48721
77292
28508
82991
40728
83997
27741
30840
34077
64343
23159
18356
73842
79405
94434
17786
78837
36190
82063
98879
45904
24046
68288
47973
26106
69517
72873
68495
31033
11285
57026
74007
37795
45607
35932
32350
77558
52025
74464
53460
26727
32925
16551
83531
84848
52988
83812
54352
76481
11066
45896
66958
91673
21543
61282
26552
99789
64444
72321
97158
70021
24845
80748
87501
12752
44400
59240
25460
23554
87197
18510
96051
51573
82459
95584
67251
38089
51403
73688
96480
55179
66990
55676
74536
86117
33577
87669
49151
50122
48610
77696
70825
79267
71128
83382
35652
15238
20421
31866
42097
34539
96206
33289
44496
16915
52827
37950
89614
19421
43984
70480
48721
24596
19888
61235
64005
87273
46324
39509
38201
97415
51543
53453
31787
51965
60918
10327
83788
94477
35344
11446
91233
87626
44888
91603
17598
25293
44710
82415
14687
63565
85799
19140
44087
40571
12787
42190
79846
35231
50609
10503
57600
80196
54010
44576
10551
29948
75926
17051
26958
91981
76535
14469
72627
66260
64476
39400
11526
12390
81115
78519
38325
48304
23443
94351
61022
32021
50243
32733
12280
88816
24334
88840
13888
51083
44424
53180
80370
13004
95744
98600
38487
18133
62845
86081
57077
14753
82350
45449
93896
49264
27013
80910
96627
82630
56509
45073
98757
85486
72459
13691
17352
11303
95059
94552
53601
74612
77655
92902
58519
15000
40490
90008
38123
47679
41635
42217
49263
27636
97723
91112
68366
37016
94749
67748
54189
40763
69797
54307
55508
90059
73879
58005
59715
50694
48361
83247
17770
98360
74044
61205
65479
92171
33044
48437
61663
51747
55208
11773
67386
14484
44260
62864
95908
88083
28294
73354
85616
20423
43585
76115
63095
90364
88816
47208
46984
18094
89871
54317
92241
53197
98198
36357
35996
17471
66012
78166
50753
17496
91761
72129
79136
51026
88052
52033
43448
40135
88537
22849
67992
69102
56778
67266
96012
87973
77002
45715
86857
38205
27758
67845
34108
58420
20028
28791
86719
88225
22727
58418
79949
39145
12329
18605
91620
70552
28899
84317
64337
74916
40328
45829
30519
13770
62200
89459
40520
45954
25818
55393
62411
14974
12353
48311
85126
13650
70690
51421
30150
72987
84820
99693
72034
90667
99813
38924
59461
28138
12036
51965
42405
80627
85082
54553
35563
61732
44648
15469
78106
25761
46896
34033
88484
97745
25940
12681
74760
62177
77632
68932
98381
17598
76788
50713
70863
64761
18434
55991
82805
18845
15366
89603
35253
60014
28957
42706
71077
87750
83628
44977
44524
93895
21918
91388
47054
97375
86193
39151
26208
19721
17706
40943
51166
76240
57714
70727
31725
82253
95022
27002
34231
67155
67561
60324
50667
95224
29843
40236
85944
86312
20380
86052
98419
66675
31911
40207
71581
11876
23226
13611
46059
17386
78464
63274
33300
41217
29171
92655
45146
46575
93812
91715
89556
51506
53217
62979
25923
19566
24530
25347
51272
35651
99850
33987
47849
15862
96587
23491
70673
87904
55743
26133
19994
60398
19069
96177
64409
78603
76530
41508
57967
48337
44566
15086
10317
85895
69226
92517
45439
42496
95155
70127
50627
95396
69356
73331
76949
93785
64320
79578
25150
75612
34788
51469
61919
44851
18000
96369
84729
22988
52809
32853
64847
99889
25144
72769
47841
44555
39959
69028
50689
88837
45668
30298
20790
76258
32301
50040
13880
94432
86867
49586
12193
23478
52154
19249
47788
73754
63107
37940
14647
17256
34781
87010
90018
50577
10880
70807
76608
69195
94501
51355
89978
35566
74195
40807
69433
93387
14109
33856
26476
19291
83026
65547
17628
79471
10451
63403
32910
75599
21518
98664
18686
46997
52608
20499
76473
99182
63881
60136
72626
79032
88909
91676
93239
16950
36479
37570
41533
33791
72472
47877
42844
55556
87447
91108
11626
43228
76981
51827
77057
75573
91067
78610
96291
41823
86045
49306
88202
87938
22751
80370
98975
53256
50244
95709
37101
43845
24576
40141
27059
80642
31000
54609
55197
64957
58693
38653
11620
56451
98112
63935
98235
84710
95937
87547
68530
78793
46284
12180
99592
52209
15916
39203
11823
60962
42956
21721
60472
56420
39676
23419
71126
70972
92771
33924
49146
77441
94363
73835
47403
79775
97257
67564
65115
17153
84565
25124
21308
95482
28768
45828
32340
93119
84671
45890
52201
74458
33048
70243
97357
31080
10801
33355
29079
67402
51691
72014
36318
79855
63357
14576
85159
59139
94498
92435
74190
28491
61589
74395
95215
50978
76861
27087
21433
39404
83789
19367
86243
11423
66485
11776
12473
73854
11787
21652
94741
89627
30013
53973
77564
54844
84784
24975
43735
66551
29541
85221
75136
47635
74860
89290
87043
63381
14992
42637
80817
87206
13056
23839
73521
98572
29409
27272
10594
43928
81984
62371
99656
33298
73904
52262
67503
69890
46554
80076
32008
95752
47101
23014
28429
69894
85893
21934
67426
87455
62175
76738
33321
80543
20720
89716
68527
22240
90215
61836
43396
75389
32126
90608
99409
78752
46449
32708
11414
44204
78816
84437
94992
15644
97147
59410
67135
61890
60868
30227
57661
40809
36910
13836
76646
82478
61707
47141
56126
48407
14496
99307
76737
67926
25729
65230
32811
75548
13151
53600
25287
96542
99826
91139
60411
53710
58680
28047
42276
43010
24370
15895
22448
46569
81533
67757
51577
59559
23840
13360
58796
81742
78569
11173
86831
24767
55933
46927
35461
13899
17134
30364
25016
45670
29571
25741
75689
30652
52669
21379
28609
50912
34858
36124
50434
53870
75257
95544
96479
88823
22357
17427
63683
83735
64953
96535
14579
46939
63784
97606
36892
84946
47366
72116
26304
39697
63954
48905
95843
48724
84654
39499
19775
34953
35751
30846
70738
60687
81111
86613
82608
18485
17969
69807
75249
91552
53332
90179
27210
36132
37596
13248
52540
77843
46297
85599
46298
92752
60151
79057
35578
23968
72425
60914
68669
97167
27129
78836
82372
67943
70861
18382
81619
73261
97619
22686
52717
26690
61198
92421
93509
57175
99750
17051
92184
15141
71939
95907
32525
93355
24627
41330
65966
31291
36166
23985
94142
84935
15765
15639
76622
70089
77588
66518
30374
89566
93114
90248
29550
85844
86956
44193
43152
30432
55392
46375
20452
57040
67025
90171
63944
82343
90700
50347
12433
38504
24503
35402
16186
19315
69812
34773
53208
42069
24399
11065
48135
39103
53999
65232
66416
64663
72913
20531
87356
82881
35790
63771
59481
56470
50364
93296
30769
82590
27253
14215
45470
31372
10009
55818
43646
75200
83825
14865
94065
90926
56851
57127
55363
59302
10918
70148
31154
53436
77277
12632
91097
69686
73892
20877
10852
79602
44277
55231
88651
39590
44417
12636
27133
50077
45168
12307
16300
49871
72528
94665
66957
13748
30013
93149
20000
57345
23172
18761
26926
18866
24331
90746
71535
58397
16834
32543
16867
67478
87282
49553
49281
22957
84962
30870
31525
26435
38338
65039
89644
43550
76985
36491
38948
87448
28892
32490
70095
89393
54336
55965
44729
78406
84376
52927
96795
97664
73449
36821