98565	83716	91956	36748	28334	96186	41213	31723	1614	52976	66507	12985	81931	16788	61015	49829	55207	89417	22414	35400	
265	93542	83521	1202	82264	82093	65450	40699	1394	48076	48528	59989	20151	92776	79711	94156	76298	88140	49458	62249	
6909	33198	81265	3954	97814	78137	56825	45482	59464	60099	62714	40397	80397	20592	18420	77100	92862	68780	9397	93198	
26270	77143	13430	68930	21851	40270	19533	65820	92456	49309	93050	86428	28136	51957	67991	79314	88875	333	51332	92356	
15043	82416	20638	75294	51238	4249	58828	29831	36292	43797	4478	23741	65598	97144	87727	69999	77630	64340	54172	86543	
99991	38623	14429	39268	42838	21469	66618	67402	75709	59571	25956	59221	27424	34467	32924	50407	8585	55760	47881	34340	
90672	70134	96379	62845	57776	99881	46915	51599	60459	56871	73643	80301	888	72590	54591	3403	71712	77423	68454	99696	
9937	82442	9690	9333	19866	66380	92437	20105	95175	30225	77632	35243	96302	86148	76536	49148	46736	10597	8932	27040	
52967	42677	91953	77413	98471	27315	18114	11605	36085	30900	52560	8779	66022	3186	7018	40674	92372	32236	96694	19260	
14422	49321	51676	64983	13189	20209	22306	87688	24805	29797	67034	14898	58155	69409	13584	53390	23388	8347	98859	46038	
8259	16017	4555	42620	51429	74081	63098	36268	86160	71817	78066	24961	75846	11344	19303	35053	49000	40618	59887	10950	
35816	69160	9076	37528	80614	19610	42073	35714	24415	869	99311	53024	63576	19280	91852	16332	74096	59555	10729	64829	
9395	37800	74374	47065	35236	56132	77995	53045	41820	50089	48901	14686	49072	39047	91871	48574	31023	17200	46302	865	
29931	81193	3090	47399	66069	89271	53756	12249	93649	13659	38421	74707	6289	77754	90110	79226	44041	9582	42047	15752	
18221	45555	43459	19685	82175	32878	79707	68188	56145	60614	89573	1588	68264	65453	20273	30460	51632	26176	45308	34583	
71663	16616	70874	74946	36433	44735	52229	54608	35869	1651	98664	20383	72235	68941	98179	47716	13171	60795	40267	83882	
37746	20571	58100	99020	48006	60018	16170	2989	98031	59777	43392	89221	17719	60543	77448	58427	54289	81681	64270	79231	
10741	4356	5599	996	24446	85337	17033	50346	48171	92868	77825	10307	26995	86091	86980	37769	82229	44354	77456	88765	
55848	15486	38205	98173	62944	4886	80710	34882	69215	99091	97613	407	86313	53232	13729	36494	99171	57042	75217	45877	
92666	15181	4202	19350	52195	4155	44380	90649	88762	59575	64648	76760	36912	32194	72655	23501	76392	9143	94027	90892	
35869	91764	71536	74891	59616	80592	35883	6523	31801	90146	65081	83572	75429	37276	77342	68323	46535	76184	24016	15287	
2914	29239	14609	53949	6232	21311	86457	84582	48865	59379	60044	75456	94609	46491	91459	16149	45507	84790	87186	59978	
12599	83222	19358	56114	83963	72165	51477	1299	9782	3357	25176	32960	60882	62032	19037	97267	5303	87027	42616	48705	
66868	65747	79558	31995	5393	17207	68378	82197	45646	47559	31011	923	94685	8139	83067	31242	77495	69328	82134	39149	
90784	40491	93798	21138	84776	78241	25261	82568	46129	73790	87901	73415	26182	70610	74766	71401	43354	86651	19376	37589	
22539	33692	99123	48956	95211	24391	4394	26791	44644	64024	29843	39375	78873	27412	37688	44074	4657	39813	20361	92834	
90160	69903	45156	84787	41184	10561	45757	8562	11138	79430	8561	44589	52714	5707	58427	53835	64295	58804	29560	2993	
60832	37586	78917	37494	13217	9682	51058	97031	5531	42943	43040	37077	6213	84450	80885	30029	2859	81726	72148	91976	
30943	14517	41870	93328	16563	87133	28241	81213	40614	60625	55732	27141	50811	52069	77679	52651	40884	40772	60211	63044	
72648	37935	29969	55957	32375	45181	75842	83614	32952	71113	11444	71533	64718	30559	44318	46440	15307	73304	6551	89148	
67944	78111	19000	61893	90288	57953	31013	72015	72382	49573	44436	78642	30732	69727	62126	56727	98003	48793	72300	94874	
71943	14716	84146	54384	19040	11229	27665	83190	35875	14676	30702	81368	1403	78112	77645	90663	81634	24006	89600	94120	
60187	89949	969	73793	29245	35739	4754	26318	30876	97754	71625	36356	94677	27038	43211	95065	2962	82300	26524	98936	
27871	87402	34425	14246	84597	69653	78237	13517	17756	73559	66534	23197	9705	241	81073	9000	30830	57449	60111	75307	
30143	44878	44779	8576	64579	40855	34527	2452	95900	47549	80486	12030	90358	40004	90945	27087	25944	82982	5752	87695	
5388	50518	71342	47467	63382	9239	75409	29428	78695	99224	64751	3867	95284	53901	68670	91972	75297	56890	96097	37257	
89705	45252	42151	33310	8232	91230	37303	7753	39981	8529	74085	70286	87765	77826	43654	2106	27960	94011	70563	67979	
85048	2992	33416	4184	53339	46602	89493	72022	43920	38887	8215	54579	30795	91802	63544	24475	34684	62354	43536	91172	
94071	3098	37031	16074	91404	55529	98925	30714	20965	33162	21044	7722	44502	98620	70586	83036	81895	78571	24371	82475	
14973	100	87238	66997	36797	84172	89334	55171	953	57643	14855	44133	35933	28502	60218	31524	86213	65091	40136	20763	
65994	32771	49842	13010	98796	78967	39324	16749	41920	4400	11471	3956	18054	88537	44789	48325	63609	80207	20118	21377	
14162	17485	46649	34530	49907	27446	55206	84960	70477	54583	5609	12477	41300	48022	65125	98956	40201	37938	38704	11955	
12524	81676	77114	43136	18227	77634	71871	90624	81074	11282	36485	49693	30975	1172	69007	84656	43647	64956	18933	26873	
95723	93376	33434	27013	38861	2499	50817	15635	5673	98074	68198	95812	12440	61230	20165	66793	60970	66732	15	3991	
71249	81621	78576	70505	91171	24873	23766	16463	8676	42186	79553	89883	85297	45115	88933	19067	43747	32820	18711	14973	
12815	4913	98875	40955	72955	71601	10300	31265	51859	73695	5459	65296	71956	92034	38488	9532	71104	13355	39823	65675	
52830	7506	87403	82474	5401	62569	92254	84445	74188	8887	17134	51036	5955	32102	38745	144	32373	65954	61117	78355	
92563	64916	74335	48581	697	12083	73201	15835	88785	99752	18662	14805	98073	60455	99575	5830	51578	19624	77920	9440	
94889	90049	52379	35849	55835	63217	98568	49216	59210	61534	784	68418	93203	82952	66016	95004	78133	47067	36056	9821	
25386	64020	91784	76642	19741	63605	65131	82441	48242	34961	75563	88765	38087	6155	8556	98810	71787	9815	73455	56601	
83489	35882	54838	94435	91591	33458	69690	26476	9481	80396	7390	39272	63785	37998	12245	46291	20413	98745	67608	36344	
11328	39425	55414	70077	41911	11194	907	97860	52562	61913	63888	51610	78373	1266	25868	6797	14885	48599	23041	9674	
95328	99600	92788	36041	81595	21385	92187	24992	74305	4034	63878	34456	5983	14812	67100	24126	50114	19229	87154	14022	
26617	30034	30172	341	77325	10941	6973	92475	45120	56471	79925	20648	27265	71790	57056	17839	50932	70906	46481	11385	
81311	72442	92473	2249	85754	78000	78725	81310	4778	12239	67088	65578	57009	45837	97223	19591	3265	39718	43339	46099	
93225	5673	64082	82227	88272	33806	22390	31742	83876	19652	76689	77017	92228	80350	15037	64339	56885	57021	13865	69139	
13849	42707	38392	22891	81745	6707	36825	76431	65327	1114	19742	23730	74376	839	97837	34550	93219	77415	15326	29883	
61509	54952	50981	8629	73812	95028	21601	77372	505	70604	68087	3145	14665	20077	55077	59810	96916	61769	19792	3648	
39895	84295	2366	35313	88518	65263	93754	98335	95624	53793	12106	30928	10656	53738	66675	28607	38473	13819	23130	22772	
7987	22708	20580	81813	26123	98393	16513	49041	12008	74260	82847	54789	24361	60186	80326	50012	20840	42397	20028	56537	
6321	34885	67425	32540	34200	39355	90575	4837	15521	67296	15920	54973	48266	23924	69503	67096	98142	27688	69622	60884	
68245	39611	18641	28295	74861	23607	5184	70034	82678	11904	2698	81499	47142	41729	22955	21130	92818	41349	11662	32097	
52780	78036	80307	79669	97951	41366	14627	30062	26658	48506	76691	66445	11328	73316	69380	26646	71086	55528	24623	19622	
64783	97547	75154	42054	94244	66572	38089	55227	16828	58291	75226	76795	94987	23173	27486	83352	73184	28130	89778	47729	
32479	73766	90117	84111	1037	66008	74406	8219	71789	8797	79480	45	2516	33242	10069	14444	82310	52846	97491	68399	
1215	12314	42294	97049	1288	41247	66673	96497	51838	24488	43849	31981	90482	33703	90626	43972	30220	73373	77827	23560	
94573	837	96269	57008	24545	38702	62523	41095	66031	15721	85468	29165	20362	93876	53550	9281	87362	45625	95637	96009	
94404	60765	4883	47025	29477	25610	81818	88714	31587	77571	34391	31095	86098	62457	86679	68584	61464	21060	25416	21529	
15962	87872	54423	26630	29938	54961	32665	37287	25378	9474	68394	5755	39073	60390	28312	66972	25855	83987	32	26751	
90216	58480	74184	4572	18778	45634	59619	38159	69393	97206	21878	95986	54272	37977	65132	85108	89345	311	65714	35818	
21716	42060	34232	63518	17871	79727	5987	95753	62256	87855	93798	33109	26846	44688	80451	27685	10369	54482	73935	26002	
8220	48417	59614	13937	8561	20792	44826	61512	94715	83880	14713	92851	85797	18208	90773	42621	84985	84209	84687	77721	
93773	99504	71231	71861	20897	12244	47375	74938	88196	62898	6090	64426	76131	73675	40382	28453	47317	86867	28505	62053	
13386	42276	75530	35333	22230	60776	33044	166	46078	52257	68895	73849	551	18464	20443	50630	67024	69916	60143	22862	
47366	42626	76677	18058	42986	51713	44354	34628	83290	71427	69076	63579	2097	78425	56739	68268	64953	32960	85375	63598	
32117	81429	62804	21405	13403	12559	37973	19034	26663	55190	22461	36268	23271	42814	93587	81302	52067	73662	5878	10875	
92780	49010	68482	84900	84109	68841	39967	90859	12169	90586	65101	35393	61267	91291	87554	47792	72942	40114	59063	1060	
39719	29557	77018	75925	65941	53828	43230	89132	48205	28187	93211	31075	787	87552	35204	12906	92782	36718	48817	27576	
27151	4638	84295	32947	91584	80057	93508	92459	68918	5510	70051	90614	25256	38315	89045	84118	59985	17297	78802	82914	
4029	67774	84660	4444	18796	21256	46608	58207	90854	88621	12394	88939	84887	33094	31817	72000	18196	24914	46467	21834	
51662	67654	42695	56686	57685	54329	6302	32990	58854	28666	64353	50759	94552	94665	82304	40221	67634	99809	63148	26004	
32797	56658	22274	13582	80616	80118	30642	7435	14815	37064	83501	89928	67008	59186	77463	66668	55592	9367	17379	36320	
91217	23523	83623	90823	57188	62287	74674	92752	69164	93306	96432	8155	68077	22106	20576	30559	59672	40134	61656	31149	
96260	42424	86958	48047	5593	77059	27147	84992	93069	5060	21069	93722	25318	89249	17104	4745	70526	62911	86952	93403	
88958	34264	10001	63362	48068	58701	24534	28315	58842	61068	60282	39007	53749	43015	19956	422	13354	1158	25994	64485	
51649	49951	56963	22333	58860	11868	61937	86096	83438	40980	35705	23030	38361	47705	92702	71604	81189	44696	72689	95038	
7131	7323	3178	94077	70766	98975	47609	82869	15918	55628	39890	96851	54433	52176	51473	29542	16305	8873	67355	99846	
23183	27077	1994	60638	8455	852	39014	69836	92565	53794	27898	17372	1790	51375	92845	66170	57824	74083	30154	3665	
2381	50566	7846	31941	7105	19015	24225	14605	91868	41669	27231	163	60661	54103	45522	76947	42737	89380	83117	79926	
15630	4010	6135	41916	3865	78754	3666	23115	83836	30900	62787	57626	18441	73896	66463	41258	31110	20512	72000	43154	
42982	34028	4782	60543	54291	93229	33053	88753	38099	14221	54366	50312	58947	70406	72401	15694	48446	51465	65840	26586	
63895	59365	17668	8561	97813	89260	47306	89576	66903	60985	66987	23682	87170	64880	21692	49880	39169	12629	46388	72863	
37224	50342	56941	96155	77133	26099	55131	26207	73492	77092	39211	76117	97690	20064	22840	50608	25087	86304	27857	7614	
70543	41840	32701	14638	40878	53195	58460	23263	73263	82525	10948	21499	40954	62951	87555	40266	7268	38358	27979	29057	
58233	50376	84425	32083	36227	23655	24606	94707	33509	7758	1984	84708	1707	48406	59224	40738	36173	60789	66060	31050	
74299	95029	11132	43903	36061	65972	98400	29231	80684	35511	40506	86730	41214	84222	45637	58245	40095	97827	29082	72857	
52030	88590	38854	53305	42724	28292	61540	80281	11681	14750	55704	69762	62806	39750	8035	24353	88072	13245	27015	58607	
63357	61063	88577	1214	20029	42788	57586	86026	94597	24904	88498	30289	99806	61013	50554	91139	35191	83989	23973	25049	
92021	69220	99991	81641	72606	90735	20433	75976	14807	67436	22934	75420	21887	95366	97231	64600	68525	2456	38143	67216	
54255	9050	84727	8	63812	64395	6079	63861	78593	29014	10495	36683	9081	69191	40472	77025	17004	14807	52323	44663	
0	1999	1083
0	52	24
0	17	12
0	1	0
3	17	4
5	17	9
5	11	7
5	10	10
5	9	7
5	6	6
8	9	9
13	17	13
13	14	14
16	17	17
19	52	30
19	29	25
21	29	22
21	22	21
24	29	24
25	29	25
26	29	29
27	29	29
28	29	29
31	52	42
31	32	31
34	52	41
34	35	34
37	52	44
37	39	38
41	52	42
41	44	43
42	44	42
43	44	44
46	52	47
46	47	47
49	52	50
49	50	49
54	1999	1810
54	1077	677
54	360	204
54	180	166
56	180	144
56	162	94
56	152	71
56	72	62
56	62	57
56	60	56
56	58	57
64	72	70
64	66	64
68	72	72
69	72	71
71	72	72
74	152	104
74	131	113
74	93	92
74	77	77
74	76	74
75	76	76
79	93	83
79	81	81
80	81	81
83	93	83
83	86	83
83	85	84
83	84	84
88	93	93
88	90	90
89	90	90
92	93	92
95	131	112
95	127	106
95	104	101
95	101	99
95	98	95
96	98	96
96	97	97
100	101	101
103	104	103
106	127	110
106	122	117
106	111	109
108	111	111
108	110	108
109	110	110
113	122	119
113	114	113
116	122	121
116	120	118
116	118	116
124	127	124
124	125	125
129	131	130
133	152	140
133	145	143
133	141	139
133	139	137
133	137	137
134	137	137
136	137	137
143	145	143
144	145	145
147	152	148
147	148	148
150	152	152
154	162	159
154	156	156
158	162	161
159	162	160
161	162	161
164	180	179
164	174	168
164	165	165
167	174	169
169	174	172
169	172	172
171	172	172
176	180	177
177	180	177
179	180	179
182	360	327
182	213	206
182	206	200
184	206	203
184	197	189
184	188	188
184	187	185
186	187	186
190	197	191
192	197	194
192	193	193
195	197	197
199	206	202
199	204	199
199	203	200
201	203	203
201	202	201
208	213	213
210	213	212
210	211	211
215	360	231
215	229	228
215	221	215
215	218	216
217	218	218
220	221	220
223	229	225
225	229	227
225	226	225
228	229	229
231	360	354
231	350	302
231	282	260
231	264	239
231	261	241
231	255	239
231	234	231
231	232	232
236	255	253
237	255	250
237	251	241
237	250	245
237	249	244
237	244	239
237	238	237
240	244	241
240	241	241
243	244	244
246	249	249
247	249	247
248	249	249
253	255	253
254	255	255
257	261	258
257	258	258
260	261	261
263	264	263
266	282	267
266	271	266
267	271	271
269	271	270
270	271	270
273	282	278
273	274	274
276	282	278
276	279	278
277	279	279
281	282	282
284	350	344
284	339	324
284	315	289
284	301	301
284	292	287
285	292	288
285	291	291
285	286	286
288	291	290
289	291	290
290	291	290
294	301	300
294	296	296
294	295	295
298	301	299
298	299	299
303	315	309
303	309	308
303	306	304
305	306	306
308	309	308
311	315	312
311	314	312
312	314	313
313	314	314
317	339	329
317	336	324
317	332	318
318	332	330
318	319	319
321	332	331
321	326	324
321	324	324
321	323	323
322	323	322
328	332	329
329	332	330
330	332	332
331	332	332
334	336	335
334	335	334
338	339	338
341	350	349
342	350	348
342	346	346
342	345	345
342	344	343
348	350	349
349	350	350
352	360	359
354	360	360
355	360	360
355	357	357
356	357	356
359	360	360
362	1077	752
362	635	593
362	563	542
362	515	376
362	389	387
362	367	364
363	367	365
365	367	367
365	366	366
369	389	388
369	375	373
370	375	374
370	371	371
373	375	373
373	374	373
377	389	385
378	389	385
378	388	381
378	380	380
378	379	378
382	388	383
384	388	388
384	385	384
387	388	388
391	515	407
391	452	394
391	427	403
391	425	394
391	405	398
391	397	395
391	392	392
394	397	397
396	397	396
399	405	403
399	401	399
403	405	404
407	425	423
407	411	408
407	409	409
413	425	425
413	423	415
413	422	420
413	420	414
413	414	414
416	420	416
416	419	416
416	418	416
416	417	417
429	452	441
431	452	432
431	432	431
434	452	450
434	446	441
434	443	442
435	443	439
436	443	441
436	438	438
437	438	438
440	443	443
440	441	441
445	446	446
448	452	448
450	452	452
454	515	498
454	470	454
454	468	456
456	468	468
458	468	468
458	465	459
458	459	458
461	465	462
463	465	464
463	464	463
467	468	467
472	515	502
472	508	507
473	508	492
473	506	491
474	506	490
474	483	481
475	483	477
475	477	475
476	477	477
479	483	482
479	480	479
482	483	483
485	506	505
485	498	494
487	498	488
488	498	490
488	493	491
490	493	490
490	492	491
490	491	491
495	498	495
497	498	498
500	506	504
500	505	505
500	501	500
503	505	505
510	515	514
510	513	510
510	511	510
517	563	525
517	518	517
520	563	526
520	546	539
522	546	536
523	546	542
523	536	527
523	524	524
526	536	532
528	536	536
528	530	530
532	536	535
533	536	536
534	536	534
538	546	538
538	542	539
538	541	538
538	540	538
544	546	544
545	546	546
548	563	557
548	558	558
548	556	549
548	554	552
548	549	548
551	554	551
553	554	553
560	563	561
560	562	560
565	635	615
565	581	569
565	568	567
567	568	567
570	581	580
572	581	575
572	576	574
573	576	574
573	574	573
578	581	579
578	580	580
579	580	580
583	635	631
583	602	593
583	592	592
583	585	585
587	592	592
587	588	588
590	592	590
590	591	590
594	602	600
595	602	596
595	596	596
598	602	601
598	601	599
599	601	601
600	601	600
604	635	620
605	635	613
605	612	608
605	610	609
607	610	609
608	610	610
608	609	609
614	635	632
614	629	616
614	620	618
614	615	614
617	620	618
617	618	618
622	629	623
622	625	624
623	625	624
627	629	629
631	635	634
631	633	631
631	632	631
637	1077	947
637	1007	721
637	909	880
637	883	725
637	848	693
637	685	669
637	676	670
637	647	640
637	644	641
637	642	639
638	642	638
639	642	641
641	642	641
646	647	646
649	676	649
649	674	667
649	673	665
649	662	649
649	650	649
652	662	661
652	661	653
652	655	652
652	653	653
657	661	658
658	661	660
658	659	659
664	673	672
664	665	665
667	673	671
667	672	669
667	668	667
670	672	672
671	672	672
678	685	681
678	681	681
678	680	679
678	679	678
683	685	685
684	685	685
687	848	773
687	763	708
687	751	714
687	735	711
689	735	728
689	717	694
691	717	710
691	709	706
691	705	695
691	698	698
693	698	697
693	694	693
696	698	697
697	698	698
700	705	705
700	703	701
701	703	701
702	703	703
707	709	708
711	717	717
713	717	715
713	715	715
719	735	729
721	735	729
721	724	724
723	724	724
726	735	726
726	733	726
726	731	726
726	727	726
729	731	730
730	731	731
737	751	749
737	739	739
741	751	742
742	751	743
742	745	744
742	744	743
743	744	743
747	751	751
747	749	749
747	748	747
753	763	753
753	756	756
753	755	753
758	763	761
758	762	759
758	761	760
758	759	759
765	848	838
765	809	781
765	777	774
765	774	765
765	768	768
766	768	768
770	774	772
770	772	772
771	772	772
776	777	776
779	809	795
779	804	784
780	804	787
780	800	781
780	785	782
782	785	783
783	785	783
784	785	784
787	800	787
788	800	797
788	799	788
790	799	792
790	797	795
790	796	793
792	796	796
792	794	793
802	804	803
803	804	803
806	809	807
807	809	807
807	808	808
811	848	845
811	840	820
811	825	813
811	822	817
811	814	811
813	814	813
816	822	817
816	819	817
817	819	819
821	822	821
824	825	825
827	840	838
827	838	832
827	832	831
827	831	829
827	830	827
827	829	828
827	828	827
834	838	835
834	835	835
837	838	838
842	848	844
842	846	843
842	845	844
842	843	843
850	883	865
850	859	855
850	851	850
853	859	856
853	855	855
854	855	855
857	859	857
861	883	880
862	883	864
862	869	863
862	864	863
863	864	864
866	869	868
868	869	869
871	883	877
871	874	874
873	874	874
876	883	876
876	877	877
879	883	880
879	880	880
882	883	883
885	909	893
885	892	891
885	886	886
888	892	888
888	890	888
888	889	888
894	909	903
894	902	900
894	897	897
895	897	897
895	896	896
899	902	899
900	902	900
901	902	901
904	909	908
904	906	904
905	906	906
908	909	908
911	1007	936
911	921	915
911	915	912
911	914	911
911	912	912
917	921	919
919	921	920
919	920	920
923	1007	999
923	993	988
923	971	937
923	960	937
923	940	927
923	939	928
923	924	923
926	939	931
926	932	929
926	928	926
930	932	932
930	931	930
934	939	938
935	939	939
935	938	938
935	937	935
935	936	936
942	960	947
944	960	948
946	960	946
948	960	952
948	954	949
948	950	949
952	954	953
952	953	952
956	960	959
958	960	958
959	960	959
962	971	967
962	969	964
962	965	962
964	965	965
967	969	968
968	969	969
973	993	993
973	982	973
973	979	976
974	979	979
974	977	976
975	977	976
975	976	976
981	982	982
984	993	992
986	993	991
988	993	993
988	990	990
988	989	989
992	993	992
995	1007	1006
995	997	996
995	996	996
999	1007	1006
999	1005	1002
999	1004	1004
999	1001	1001
1000	1001	1000
1003	1004	1003
1009	1077	1031
1009	1076	1019
1009	1058	1034
1009	1011	1010
1009	1010	1010
1013	1058	1030
1013	1056	1036
1013	1021	1019
1013	1018	1018
1013	1015	1014
1013	1014	1014
1017	1018	1018
1020	1021	1021
1023	1056	1048
1023	1034	1023
1023	1025	1024
1023	1024	1023
1027	1034	1027
1028	1034	1030
1030	1034	1033
1030	1031	1031
1033	1034	1034
1036	1056	1051
1036	1054	1038
1036	1046	1039
1036	1038	1037
1037	1038	1038
1040	1046	1040
1040	1042	1041
1041	1042	1041
1044	1046	1045
1044	1045	1045
1048	1054	1051
1048	1051	1050
1050	1051	1050
1053	1054	1053
1060	1076	1060
1060	1071	1067
1060	1070	1067
1060	1066	1064
1060	1065	1063
1060	1064	1060
1060	1063	1061
1062	1063	1063
1068	1070	1069
1068	1069	1068
1073	1076	1076
1073	1074	1074
1079	1999	1463
1079	1723	1514
1079	1298	1161
1079	1198	1140
1079	1116	1109
1079	1106	1084
1079	1096	1080
1079	1088	1088
1079	1084	1084
1079	1080	1080
1082	1084	1084
1086	1088	1087
1086	1087	1086
1090	1096	1092
1092	1096	1094
1092	1093	1092
1095	1096	1096
1098	1106	1106
1098	1101	1099
1099	1101	1100
1099	1100	1100
1103	1106	1104
1104	1106	1106
1105	1106	1106
1108	1116	1109
1110	1116	1112
1110	1115	1111
1110	1114	1111
1111	1114	1113
1113	1114	1113
1118	1198	1136
1118	1136	1125
1118	1135	1121
1118	1129	1127
1118	1119	1118
1121	1129	1121
1121	1126	1124
1121	1122	1122
1124	1126	1124
1125	1126	1125
1128	1129	1129
1131	1135	1132
1131	1133	1132
1138	1198	1148
1138	1171	1142
1138	1158	1140
1138	1154	1151
1138	1147	1147
1138	1145	1139
1138	1144	1144
1138	1143	1143
1138	1139	1139
1141	1143	1143
1142	1143	1143
1149	1154	1153
1151	1154	1151
1151	1152	1151
1156	1158	1156
1156	1157	1157
1160	1171	1164
1160	1164	1161
1160	1162	1161
1161	1162	1162
1166	1171	1170
1166	1168	1168
1170	1171	1171
1173	1198	1177
1173	1197	1175
1173	1193	1176
1173	1178	1173
1173	1174	1173
1176	1178	1178
1177	1178	1177
1180	1193	1190
1180	1186	1182
1180	1183	1180
1181	1183	1183
1181	1182	1181
1185	1186	1185
1188	1193	1191
1188	1189	1189
1191	1193	1192
1192	1193	1193
1195	1197	1195
1196	1197	1196
1200	1298	1250
1200	1254	1212
1200	1232	1213
1200	1223	1211
1200	1201	1200
1203	1223	1221
1203	1211	1211
1205	1211	1208
1205	1208	1208
1205	1207	1206
1205	1206	1205
1210	1211	1210
1213	1223	1218
1213	1219	1218
1213	1215	1213
1217	1219	1219
1217	1218	1218
1221	1223	1221
1221	1222	1222
1225	1232	1226
1225	1228	1225
1225	1226	1225
1230	1232	1232
1230	1231	1230
1234	1254	1241
1235	1254	1250
1235	1244	1239
1235	1240	1236
1235	1237	1237
1236	1237	1236
1239	1240	1240
1242	1244	1242
1246	1254	1249
1246	1250	1247
1246	1247	1247
1249	1250	1249
1252	1254	1253
1256	1298	1279
1257	1298	1284
1257	1259	1258
1261	1298	1288
1261	1277	1261
1261	1272	1265
1262	1272	1262
1262	1264	1262
1266	1272	1266
1267	1272	1272
1269	1272	1270
1270	1272	1270
1270	1271	1270
1274	1277	1276
1276	1277	1277
1279	1298	1289
1280	1298	1296
1280	1291	1285
1280	1285	1284
1282	1285	1284
1282	1283	1282
1287	1291	1291
1287	1289	1287
1293	1298	1298
1293	1294	1293
1296	1298	1297
1297	1298	1298
1300	1723	1640
1300	1538	1307
1300	1482	1341
1300	1381	1329
1300	1325	1325
1301	1325	1318
1301	1320	1320
1301	1314	1311
1301	1311	1303
1301	1303	1302
1305	1311	1309
1305	1309	1309
1307	1309	1309
1307	1308	1307
1313	1314	1313
1316	1320	1318
1316	1317	1316
1319	1320	1320
1322	1325	1324
1322	1324	1324
1327	1381	1365
1327	1354	1334
1327	1350	1342
1327	1348	1344
1327	1345	1335
1327	1338	1328
1327	1331	1330
1329	1331	1329
1329	1330	1329
1333	1338	1334
1333	1335	1333
1333	1334	1333
1337	1338	1337
1340	1345	1342
1340	1343	1341
1342	1343	1342
1347	1348	1347
1352	1354	1352
1356	1381	1369
1357	1381	1367
1357	1359	1358
1357	1358	1358
1361	1381	1380
1361	1375	1371
1361	1373	1363
1361	1366	1362
1361	1362	1362
1364	1366	1364
1365	1366	1365
1368	1373	1373
1368	1371	1370
1370	1371	1371
1377	1381	1379
1378	1381	1380
1380	1381	1381
1383	1482	1431
1383	1452	1395
1383	1387	1384
1383	1386	1383
1383	1385	1383
1389	1452	1407
1389	1408	1402
1389	1402	1397
1389	1398	1394
1390	1398	1392
1390	1392	1391
1391	1392	1392
1394	1398	1398
1395	1398	1395
1396	1398	1396
1396	1397	1397
1400	1402	1402
1400	1401	1400
1404	1408	1407
1405	1408	1406
1405	1406	1406
1410	1452	1416
1410	1427	1411
1410	1417	1410
1410	1411	1410
1413	1417	1415
1415	1417	1415
1416	1417	1416
1419	1427	1419
1419	1426	1423
1419	1422	1421
1419	1421	1419
1424	1426	1425
1424	1425	1425
1429	1452	1442
1429	1441	1436
1429	1439	1436
1429	1438	1435
1429	1433	1429
1429	1431	1430
1429	1430	1430
1435	1438	1435
1436	1438	1436
1436	1437	1437
1443	1452	1450
1443	1449	1448
1443	1448	1443
1445	1448	1445
1447	1448	1448
1451	1452	1451
1454	1482	1454
1454	1472	1464
1454	1456	1454
1454	1455	1455
1458	1472	1469
1458	1464	1461
1459	1464	1464
1459	1463	1460
1459	1461	1460
1466	1472	1468
1466	1471	1468
1466	1468	1468
1466	1467	1467
1470	1471	1470
1474	1482	1475
1474	1479	1475
1475	1479	1479
1475	1477	1476
1475	1476	1476
1481	1482	1482
1484	1538	1523
1484	1507	1493
1484	1493	1493
1484	1486	1486
1484	1485	1485
1488	1493	1490
1488	1492	1491
1488	1491	1490
1488	1490	1488
1489	1490	1489
1495	1507	1496
1497	1507	1505
1497	1498	1498
1500	1507	1505
1502	1507	1506
1502	1505	1504
1502	1504	1502
1502	1503	1502
1509	1538	1520
1509	1515	1514
1509	1514	1513
1509	1510	1510
1512	1514	1512
1513	1514	1513
1517	1538	1518
1517	1524	1519
1517	1522	1519
1518	1522	1522
1520	1522	1521
1526	1538	1527
1526	1536	1530
1526	1530	1526
1526	1528	1528
1532	1536	1533
1534	1536	1535
1535	1536	1535
1540	1723	1674
1540	1674	1646
1540	1666	1654
1540	1656	1567
1540	1589	1565
1540	1545	1545
1542	1545	1543
1544	1545	1545
1547	1589	1565
1547	1573	1553
1547	1553	1550
1547	1550	1548
1548	1550	1549
1552	1553	1552
1555	1573	1569
1555	1567	1555
1555	1566	1555
1555	1562	1555
1556	1562	1562
1556	1559	1559
1558	1559	1559
1561	1562	1561
1564	1566	1564
1569	1573	1572
1569	1570	1569
1572	1573	1572
1575	1589	1588
1575	1585	1575
1576	1585	1582
1576	1578	1576
1576	1577	1577
1580	1585	1582
1580	1584	1580
1580	1581	1581
1583	1584	1583
1587	1589	1587
1588	1589	1589
1591	1656	1644
1591	1653	1607
1591	1620	1620
1591	1593	1593
1595	1620	1602
1595	1610	1610
1595	1604	1600
1595	1597	1597
1596	1597	1596
1599	1604	1603
1599	1600	1600
1602	1604	1603
1603	1604	1603
1606	1610	1607
1606	1607	1607
1609	1610	1610
1612	1620	1612
1612	1615	1614
1612	1614	1612
1613	1614	1613
1617	1620	1617
1618	1620	1619
1622	1653	1639
1622	1650	1643
1622	1639	1631
1622	1626	1623
1622	1625	1625
1624	1625	1624
1628	1639	1632
1630	1639	1638
1632	1639	1637
1632	1636	1633
1633	1636	1636
1633	1634	1633
1638	1639	1638
1641	1650	1643
1643	1650	1649
1645	1650	1645
1646	1650	1650
1646	1647	1646
1649	1650	1649
1652	1653	1652
1655	1656	1656
1658	1666	1663
1658	1661	1659
1658	1659	1658
1663	1666	1664
1663	1664	1664
1668	1674	1671
1670	1674	1672
1671	1674	1671
1671	1673	1672
1672	1673	1672
1676	1723	1716
1676	1695	1682
1676	1693	1685
1678	1693	1682
1679	1693	1688
1679	1683	1680
1679	1682	1682
1679	1680	1679
1685	1693	1686
1685	1692	1686
1685	1689	1685
1686	1689	1687
1686	1688	1687
1687	1688	1688
1691	1692	1691
1697	1723	1721
1697	1713	1702
1697	1702	1699
1697	1698	1698
1700	1702	1700
1701	1702	1701
1704	1713	1706
1704	1712	1708
1705	1712	1705
1705	1710	1706
1705	1706	1706
1708	1710	1709
1708	1709	1709
1715	1723	1718
1716	1723	1721
1716	1717	1716
1719	1723	1719
1721	1723	1722
1721	1722	1722
1725	1999	1900
1725	1884	1743
1725	1871	1822
1725	1830	1758
1725	1816	1756
1725	1813	1793
1725	1753	1748
1725	1733	1731
1725	1726	1725
1728	1733	1731
1729	1733	1730
1729	1730	1730
1732	1733	1732
1735	1753	1746
1735	1736	1735
1738	1753	1749
1738	1750	1740
1739	1750	1747
1739	1742	1741
1739	1741	1741
1744	1750	1749
1744	1747	1744
1744	1746	1746
1744	1745	1745
1749	1750	1750
1752	1753	1753
1755	1813	1807
1755	1809	1781
1755	1775	1763
1755	1765	1760
1757	1765	1762
1757	1761	1761
1757	1759	1758
1763	1765	1763
1764	1765	1764
1767	1775	1767
1767	1774	1774
1767	1768	1768
1770	1774	1773
1770	1773	1773
1770	1771	1770
1777	1809	1800
1777	1781	1779
1777	1779	1777
1778	1779	1778
1783	1809	1788
1783	1801	1785
1783	1788	1788
1783	1785	1784
1783	1784	1784
1787	1788	1788
1790	1801	1791
1790	1794	1794
1790	1793	1790
1791	1793	1793
1796	1801	1799
1796	1799	1796
1797	1799	1797
1798	1799	1798
1803	1809	1803
1803	1807	1806
1803	1806	1803
1803	1804	1804
1811	1813	1811
1815	1816	1815
1818	1830	1828
1819	1830	1827
1819	1823	1819
1819	1822	1822
1821	1822	1821
1825	1830	1828
1827	1830	1827
1828	1830	1829
1832	1871	1840
1832	1864	1862
1832	1847	1842
1832	1841	1832
1832	1837	1834
1832	1834	1832
1832	1833	1833
1836	1837	1836
1839	1841	1839
1840	1841	1840
1843	1847	1843
1843	1844	1844
1846	1847	1846
1849	1864	1857
1849	1851	1850
1853	1864	1853
1853	1856	1854
1855	1856	1855
1858	1864	1863
1860	1864	1860
1860	1862	1860
1866	1871	1868
1866	1870	1867
1866	1868	1867
1866	1867	1867
1873	1884	1873
1873	1876	1875
1873	1875	1874
1873	1874	1873
1878	1884	1883
1879	1884	1880
1879	1881	1880
1880	1881	1881
1883	1884	1884
1886	1999	1984
1886	1985	1975
1886	1896	1886
1886	1894	1888
1886	1890	1886
1886	1889	1887
1887	1889	1887
1888	1889	1889
1892	1894	1892
1893	1894	1893
1898	1985	1939
1898	1909	1903
1898	1900	1898
1898	1899	1899
1902	1909	1904
1902	1908	1908
1902	1904	1904
1902	1903	1902
1906	1908	1908
1906	1907	1906
1911	1985	1972
1911	1931	1921
1911	1926	1916
1911	1916	1914
1912	1916	1913
1912	1915	1915
1914	1915	1914
1918	1926	1921
1918	1919	1919
1921	1926	1921
1921	1923	1921
1921	1922	1922
1925	1926	1926
1928	1931	1930
1928	1930	1928
1929	1930	1930
1933	1985	1937
1933	1949	1935
1933	1948	1933
1933	1944	1933
1933	1937	1936
1934	1937	1937
1936	1937	1936
1939	1944	1943
1941	1944	1943
1941	1943	1943
1941	1942	1941
1946	1948	1948
1946	1947	1946
1951	1985	1965
1951	1982	1962
1951	1957	1951
1951	1953	1953
1952	1953	1953
1955	1957	1956
1955	1956	1956
1959	1982	1968
1960	1982	1970
1960	1965	1963
1960	1963	1961
1962	1963	1962
1967	1982	1967
1967	1970	1968
1967	1969	1969
1967	1968	1967
1972	1982	1982
1972	1977	1977
1972	1974	1974
1976	1977	1976
1979	1982	1979
1979	1981	1981
1984	1985	1985
1987	1999	1997
1987	1996	1994
1988	1996	1993
1989	1996	1995
1990	1996	1992
1990	1992	1990
1994	1996	1996
1994	1995	1994
1998	1999	1998
8	15	32	45	100	144	163	166	241	265	311	333	341	407	422	505	551	697	784	787	
837	839	852	865	869	888	907	923	953	969	996	1037	1060	1114	1158	1172	1202	1214	1215	1266	
1288	1299	1394	1403	1588	1614	1651	1707	1790	1984	1994	2097	2106	2249	2366	2381	2452	2456	2499	2516	
2698	2859	2914	2962	2989	2992	2993	3090	3098	3145	3178	3186	3265	3357	3403	3648	3665	3666	3865	3867	
3954	3956	3991	4010	4029	4034	4155	4184	4202	4249	4356	4394	4400	4444	4478	4555	4572	4638	4657	4745	
4754	4778	4782	4837	4883	4886	4913	5060	5184	5303	5388	5393	5401	5459	5510	5531	5593	5599	5609	5673	
5673	5707	5752	5755	5830	5878	5955	5983	5987	6079	6090	6135	6155	6213	6232	6289	6302	6321	6523	6551	
6707	6797	6909	6973	7018	7105	7131	7268	7323	7390	7435	7506	7614	7722	7753	7758	7846	7987	8035	8139	
8155	8215	8219	8220	8232	8259	8347	8455	8529	8556	8561	8561	8561	8562	8576	8585	8629	8676	8779	8797	
8873	8887	8932	9000	9050	9076	9081	9143	9239	9281	9333	9367	9395	9397	9440	9474	9481	9532	9582	9674	
9682	9690	9705	9782	9815	9821	9937	10001	10069	10300	10307	10369	10495	10561	10597	10656	10729	10741	10875	10941	
10948	10950	11132	11138	11194	11229	11282	11328	11328	11344	11385	11444	11471	11605	11662	11681	11868	11904	11955	12008	
12030	12083	12106	12169	12239	12244	12245	12249	12314	12394	12440	12477	12524	12559	12599	12629	12815	12906	12985	13010	
13171	13189	13217	13245	13354	13355	13386	13403	13430	13517	13582	13584	13659	13729	13819	13849	13865	13937	14022	14162	
14221	14246	14422	14429	14444	14517	14605	14609	14627	14638	14665	14676	14686	14713	14716	14750	14805	14807	14807	14812	
14815	14855	14885	14898	14973	14973	15037	15043	15181	15287	15307	15326	15486	15521	15630	15635	15694	15721	15752	15835	
15918	15920	15962	16017	16074	16149	16170	16305	16332	16463	16513	16563	16616	16749	16788	16828	17004	17033	17104	17134	
17200	17207	17297	17372	17379	17485	17668	17719	17756	17839	17871	18054	18058	18114	18196	18208	18221	18227	18420	18441	
18464	18641	18662	18711	18778	18796	18933	19000	19015	19034	19037	19040	19067	19229	19260	19280	19303	19350	19358	19376	
19533	19591	19610	19622	19624	19652	19685	19741	19742	19792	19866	19956	20028	20029	20064	20077	20105	20118	20151	20165	
20209	20273	20361	20362	20383	20413	20433	20443	20512	20571	20576	20580	20592	20638	20648	20763	20792	20840	20897	20965	
21044	21060	21069	21130	21138	21256	21311	21377	21385	21405	21469	21499	21529	21601	21692	21716	21834	21851	21878	21887	
22106	22230	22274	22306	22333	22390	22414	22461	22539	22708	22772	22840	22862	22891	22934	22955	23030	23041	23115	23130	
23173	23183	23197	23263	23271	23388	23501	23523	23560	23607	23655	23682	23730	23741	23766	23924	23973	24006	24016	24126	
24225	24353	24361	24371	24391	24415	24446	24475	24488	24534	24545	24606	24623	24805	24873	24904	24914	24961	24992	25049	
25087	25176	25256	25261	25318	25378	25386	25416	25610	25855	25868	25944	25956	25994	26002	26004	26099	26123	26176	26182	
26207	26270	26318	26476	26524	26586	26617	26630	26646	26658	26663	26751	26791	26846	26873	26995	27013	27015	27038	27040	
27077	27087	27141	27147	27151	27231	27265	27315	27412	27424	27446	27486	27576	27665	27685	27688	27857	27871	27898	27960	
27979	28130	28136	28187	28241	28292	28295	28312	28315	28334	28453	28502	28505	28607	28666	29014	29057	29082	29165	29231	
29239	29245	29428	29477	29542	29557	29560	29797	29831	29843	29883	29931	29938	29969	30029	30034	30062	30143	30154	30172	
30220	30225	30289	30460	30559	30559	30642	30702	30714	30732	30795	30830	30876	30900	30900	30928	30943	30975	31011	31013	
31023	31050	31075	31095	31110	31149	31242	31265	31524	31587	31723	31742	31801	31817	31941	31981	31995	32083	32097	32102	
32117	32194	32236	32373	32375	32479	32540	32665	32701	32771	32797	32820	32878	32924	32947	32952	32960	32960	32990	33044	
33053	33094	33109	33162	33198	33242	33310	33416	33434	33458	33509	33692	33703	33806	34028	34200	34232	34264	34340	34391	
34425	34456	34467	34527	34530	34550	34583	34628	34684	34882	34885	34961	35053	35191	35204	35236	35243	35313	35333	35393	
35400	35511	35705	35714	35739	35816	35818	35849	35869	35869	35875	35882	35883	35933	36041	36056	36061	36085	36173	36227	
36268	36268	36292	36320	36344	36356	36433	36485	36494	36683	36718	36748	36797	36825	36912	37031	37064	37077	37224	37257	
37276	37287	37303	37494	37528	37586	37589	37688	37746	37769	37800	37935	37938	37973	37977	37998	38087	38089	38099	38143	
38159	38205	38315	38358	38361	38392	38421	38473	38488	38623	38702	38704	38745	38854	38861	38887	39007	39014	39047	39073	
39149	39169	39211	39268	39272	39324	39355	39375	39425	39611	39718	39719	39750	39813	39823	39890	39895	39967	39981	40004	
40095	40114	40134	40136	40201	40221	40266	40267	40270	40382	40397	40472	40491	40506	40614	40618	40674	40699	40738	40772	
40855	40878	40884	40954	40955	40980	41095	41184	41213	41214	41247	41258	41300	41349	41366	41669	41729	41820	41840	41870	
41911	41916	41920	42047	42054	42060	42073	42151	42186	42276	42294	42397	42424	42616	42620	42621	42626	42677	42695	42707	
42724	42737	42788	42814	42838	42943	42982	42986	43015	43040	43136	43154	43211	43230	43339	43354	43392	43459	43536	43647	
43654	43747	43797	43849	43903	43920	43972	44041	44074	44133	44318	44354	44354	44380	44436	44502	44589	44644	44663	44688	
44696	44735	44779	44789	44826	44878	45115	45120	45156	45181	45252	45308	45482	45507	45522	45555	45625	45634	45637	45646	
45757	45837	45877	46038	46078	46099	46129	46291	46302	46388	46440	46467	46481	46491	46535	46602	46608	46649	46736	46915	
47025	47065	47067	47142	47306	47317	47366	47375	47399	47467	47549	47559	47609	47705	47716	47729	47792	47881	48006	48022	
48047	48068	48076	48171	48205	48242	48266	48325	48406	48417	48446	48506	48528	48574	48581	48599	48705	48793	48817	48865	
48901	48956	49000	49010	49041	49072	49148	49216	49309	49321	49458	49573	49693	49829	49842	49880	49907	49951	50012	50089	
50114	50312	50342	50346	50376	50407	50518	50554	50566	50608	50630	50759	50811	50817	50932	50981	51036	51058	51238	51332	
51375	51429	51465	51473	51477	51578	51599	51610	51632	51649	51662	51676	51713	51838	51859	51957	52030	52067	52069	52176	
52195	52229	52257	52323	52379	52560	52562	52651	52714	52780	52830	52846	52967	52976	53024	53045	53195	53232	53305	53339	
53390	53550	53738	53749	53756	53793	53794	53828	53835	53901	53949	54103	54172	54255	54272	54289	54291	54329	54366	54384	
54423	54433	54482	54579	54583	54591	54608	54789	54838	54952	54961	54973	55077	55131	55171	55190	55206	55207	55227	55414	
55528	55529	55592	55628	55704	55732	55760	55835	55848	55957	56114	56132	56145	56471	56537	56601	56658	56686	56727	56739	
56825	56871	56885	56890	56941	56963	57008	57009	57021	57042	57056	57188	57449	57586	57626	57643	57685	57776	57824	57953	
58100	58155	58207	58233	58245	58291	58427	58427	58460	58480	58607	58701	58804	58828	58842	58854	58860	58947	59063	59186	
59210	59221	59224	59365	59379	59464	59555	59571	59575	59614	59616	59619	59672	59777	59810	59887	59978	59985	59989	60018	
60044	60099	60111	60143	60186	60187	60211	60218	60282	60390	60455	60459	60543	60543	60614	60625	60638	60661	60765	60776	
60789	60795	60832	60882	60884	60970	60985	61013	61015	61063	61068	61117	61230	61267	61464	61509	61512	61534	61540	61656	
61769	61893	61913	61937	62032	62053	62126	62249	62256	62287	62354	62457	62523	62569	62714	62787	62804	62806	62845	62898	
62911	62944	62951	63044	63098	63148	63217	63357	63362	63382	63518	63544	63576	63579	63598	63605	63609	63785	63812	63861	
63878	63888	63895	64020	64024	64082	64270	64295	64339	64340	64353	64395	64426	64485	64579	64600	64648	64718	64751	64783	
64829	64880	64916	64953	64956	64983	65081	65091	65101	65125	65131	65132	65263	65296	65327	65450	65453	65578	65598	65675	
65714	65747	65820	65840	65941	65954	65972	65994	66008	66016	66022	66031	66060	66069	66170	66380	66445	66463	66507	66534	
66572	66618	66668	66673	66675	66732	66793	66868	66903	66972	66987	66997	67008	67024	67034	67088	67096	67100	67216	67296	
67355	67402	67425	67436	67608	67634	67654	67774	67944	67979	67991	68077	68087	68188	68198	68245	68264	68268	68323	68378	
68394	68399	68418	68454	68482	68525	68584	68670	68780	68841	68895	68918	68930	68941	69007	69076	69139	69160	69164	69191	
69215	69220	69328	69380	69393	69409	69503	69622	69653	69690	69727	69762	69836	69903	69916	69999	70034	70051	70077	70134	
70286	70406	70477	70505	70526	70543	70563	70586	70604	70610	70766	70874	70906	71086	71104	71113	71231	71249	71342	71401	
71427	71533	71536	71601	71604	71625	71663	71712	71787	71789	71790	71817	71861	71871	71943	71956	72000	72000	72015	72022	
72148	72165	72235	72300	72382	72401	72442	72590	72606	72648	72655	72689	72857	72863	72942	72955	73184	73201	73263	73304	
73316	73373	73415	73455	73492	73559	73643	73662	73675	73695	73766	73790	73793	73812	73849	73896	73935	74081	74083	74085	
74096	74184	74188	74260	74299	74305	74335	74374	74376	74406	74674	74707	74766	74861	74891	74938	74946	75154	75217	75226	
75294	75297	75307	75409	75420	75429	75456	75530	75563	75709	75842	75846	75925	75976	76117	76131	76184	76298	76392	76431	
76536	76642	76677	76689	76691	76760	76795	76947	77017	77018	77025	77059	77092	77100	77114	77133	77143	77325	77342	77372	
77413	77415	77423	77448	77456	77463	77495	77571	77630	77632	77634	77645	77679	77721	77754	77825	77826	77827	77920	77995	
78000	78036	78066	78111	78112	78133	78137	78237	78241	78355	78373	78425	78571	78576	78593	78642	78695	78725	78754	78802	
78873	78917	78967	79226	79231	79314	79430	79480	79553	79558	79669	79707	79711	79727	79925	79926	80057	80118	80207	80281	
80301	80307	80326	80350	80396	80397	80451	80486	80592	80614	80616	80684	80710	80885	81073	81074	81189	81193	81213	81265	
81302	81310	81311	81368	81429	81499	81595	81621	81634	81641	81676	81681	81726	81745	81813	81818	81895	81931	82093	82134	
82175	82197	82227	82229	82264	82300	82304	82310	82416	82441	82442	82474	82475	82525	82568	82678	82847	82869	82914	82952	
82982	83036	83067	83117	83190	83222	83290	83352	83438	83489	83501	83521	83572	83614	83623	83716	83836	83876	83880	83882	
83963	83987	83989	84109	84111	84118	84146	84172	84209	84222	84295	84295	84425	84445	84450	84582	84597	84656	84660	84687	
84708	84727	84776	84787	84790	84887	84900	84960	84985	84992	85048	85108	85297	85337	85375	85468	85754	85797	86026	86091	
86096	86098	86148	86160	86213	86304	86313	86428	86457	86543	86651	86679	86730	86867	86952	86958	86980	87027	87133	87154	
87170	87186	87238	87362	87402	87403	87552	87554	87555	87688	87695	87727	87765	87855	87872	87901	88072	88140	88196	88272	
88498	88518	88537	88577	88590	88621	88714	88753	88762	88765	88765	88785	88875	88933	88939	88958	89045	89132	89148	89221	
89249	89260	89271	89334	89345	89380	89417	89493	89573	89576	89600	89705	89778	89883	89928	89949	90049	90110	90117	90146	
90160	90216	90288	90358	90482	90575	90586	90614	90624	90626	90649	90663	90672	90735	90773	90784	90823	90854	90859	90892	
90945	91139	91171	91172	91217	91230	91291	91404	91459	91584	91591	91764	91784	91802	91852	91868	91871	91953	91956	91972	
91976	92021	92034	92187	92228	92254	92356	92372	92437	92456	92459	92473	92475	92563	92565	92666	92702	92752	92776	92780	
92782	92788	92818	92834	92845	92851	92862	92868	93050	93069	93198	93203	93211	93219	93225	93229	93306	93328	93376	93403	
93508	93542	93587	93649	93722	93754	93773	93798	93798	93876	94011	94027	94071	94077	94120	94156	94244	94404	94435	94552	
94573	94597	94609	94665	94677	94685	94707	94715	94874	94889	94987	95004	95028	95029	95038	95065	95175	95211	95284	95328	
95366	95624	95637	95723	95753	95812	95900	95986	96009	96097	96155	96186	96260	96269	96302	96379	96432	96497	96694	96851	
96916	97031	97049	97144	97206	97223	97231	97267	97491	97547	97613	97690	97754	97813	97814	97827	97837	97860	97951	98003	
98031	98073	98074	98142	98173	98179	98335	98393	98400	98471	98565	98568	98620	98664	98745	98796	98810	98859	98875	98925	
98936	98956	98975	99020	99091	99123	99171	99224	99311	99504	99575	99600	99696	99752	99806	99809	99846	99881	99991	99991	
