59967	68354	29448	73492	43637	71598	71928	17355	79665	28924	89370	667	58004	83576	90308	2440	88335	80032	75245	42850	
8743	50858	25729	84068	76249	34539	72615	53644	32829	1296	31053	61298	42013	64494	27776	38878	97009	97080	44403	65659	
51310	22037	73159	28640	40434	45341	22758	25716	3563	75187	86586	13458	74419	53249	55364	71202	62240	64590	53912	48042	
79670	96005	92444	98275	61298	85284	41700	47450	74434	95964	48381	16306	78604	70251	13777	97349	90473	69641	2682	83402	
72880	73425	17779	55659	1783	12988	8259	91431	56459	78553	57122	1242	28923	49838	25411	3153	81733	40213	48868	65169	
43683	74693	56626	2714	71799	13202	90521	41438	65033	40572	56440	90944	17623	5988	73302	88767	61237	84775	18363	131	
34955	9162	36907	49609	91448	72458	45276	98011	19729	78268	10655	15083	67092	26620	41094	54406	95273	57122	9310	28457	
14337	26058	82369	1913	81370	25020	75747	16108	6161	30630	44145	16261	4179	74306	19756	58926	73536	78630	14102	65737	
97684	9314	69699	33333	20076	26240	9977	8706	70484	40209	45351	71862	46132	92968	54517	43445	21156	58480	2871	32278	
36169	60209	62013	42465	94899	63738	91104	54352	79993	65133	8966	91437	49820	55060	81950	7201	91690	10594	74351	14887	
81207	1439	54143	46825	56585	49821	35052	77022	32787	91945	6454	99805	30000	5950	45626	98167	14726	93565	40232	30720	
89998	62951	44280	9441	54224	71190	27345	20706	35591	97477	63297	21954	22701	85204	53956	67406	78162	9202	87112	87976	
96823	87335	51511	12976	70622	18248	94218	92822	81731	18659	54906	82851	81994	91463	42155	36176	17444	80131	5727	82870	
94706	3498	6981	33829	59551	32580	62648	71155	49599	71130	35887	6567	4709	73744	63011	84551	1796	79315	33602	20167	
22667	89144	41364	39459	81303	30203	29183	32207	72542	41257	65120	92508	95898	26698	87246	59509	38894	2200	37455	41575	
13665	15514	7828	44847	41774	23695	18977	63433	30220	19152	71125	66211	54836	73091	70001	19632	78835	36655	62556	12273	
7914	19570	83613	95624	51786	93298	42827	73364	8533	9322	36398	38840	56161	97467	24730	21969	89495	75091	21558	53632	
67738	92627	82995	70373	47650	8773	6490	93663	59635	26818	17435	52739	69999	45497	73338	6182	57353	38032	29570	59364	
75934	95878	53525	7057	563	39075	97828	89044	15372	96635	82348	71510	22798	11266	32224	24269	99588	91540	42326	13508	
89904	1088	67487	58392	22289	88542	27150	31952	90455	46646	31516	56353	2446	91178	24220	40469	67513	95914	41258	18899	
19344	2853	98024	55801	53350	45477	58104	73094	79958	13654	95384	98862	3442	43399	63386	28038	73667	31364	80280	17069	
89777	75046	31589	56220	72257	52855	5705	5072	64421	3602	92736	13920	33645	15373	83253	95071	90155	71240	71829	30662	
22215	68004	57136	35800	43317	6722	26016	28827	17480	52778	91747	99243	75947	6477	77558	1441	7941	38598	38872	36767	
32062	34931	17758	12819	7087	48918	55830	86468	62720	37728	99208	35206	97555	96339	3311	98322	54326	43574	68938	82899	
18542	37	48076	83675	49413	40888	14249	47099	38240	22208	61152	73543	89311	40836	70413	26470	68426	58419	93502	71418	
10499	73083	88709	72009	66617	74487	15016	18416	41034	98412	55125	98846	9174	72194	8666	97545	82903	77452	31229	90235	
28555	95635	22153	55385	42046	6990	46687	46286	81781	15910	99202	39476	14802	92014	99484	59314	7013	4920	50282	11692	
9662	29947	44535	62775	6128	69090	91581	29617	81602	85320	71888	23872	70603	12640	52469	47566	7538	94831	33033	71798	
96163	66821	21544	45225	59911	12618	19230	97281	83	64641	99575	35478	674	59677	5115	34138	59975	18999	89072	21004	
50839	48824	69835	79816	15143	31090	80862	13310	79098	20594	49027	82280	38274	2156	75315	6578	57094	47418	53528	22533	
85104	58955	30775	77516	29287	15539	70986	96522	1828	42371	74506	29067	25553	61969	10887	92959	41927	86480	48217	89422	
33296	19823	14791	90192	35870	57513	44612	84526	70983	24284	89558	19768	71689	74528	25449	97360	77067	87484	55991	36436	
29909	81161	45166	27385	76418	40288	16024	68592	93611	95518	51178	91885	9429	46748	1800	53015	73733	6414	92311	98862	
47936	6531	75197	35322	13477	88456	20517	81960	92324	57705	80048	752	18136	51193	53891	88151	32342	78283	41144	10357	
28735	32941	95880	27886	662	44157	57179	92630	29544	77812	12051	18861	11319	96105	72475	7183	16254	55823	2271	25329	
57211	8856	47782	82879	72611	70274	69252	58491	57888	32197	87008	19653	82199	46873	82119	88487	19106	61503	68514	96218	
73390	36268	7889	37488	89026	77132	8333	62350	41023	70029	82459	43566	8416	31783	84778	40312	75191	34778	8602	35757	
30664	66300	82177	13191	27683	6824	23564	88168	14178	14048	22958	19134	41138	23525	54571	64258	53990	31106	29065	75914	
34893	8586	50316	69209	5877	26559	56140	9585	4760	56870	72329	31777	514	98980	95589	53961	31667	17719	45839	67084	
34696	12220	31986	81888	9266	65403	7440	92796	43961	26216	43229	11417	23804	89389	34819	50212	81508	11482	29261	4662	
71064	55380	94866	44083	3500	3713	81659	92425	38827	70308	86391	24628	11936	11136	1508	76938	14702	40254	1291	38535	
5879	71926	2623	96863	99920	2156	22485	63603	30293	87957	14318	65457	31897	76980	96792	44323	18144	12784	74774	64651	
93806	34042	25802	95317	93923	91168	37895	49174	97081	56997	58918	11267	59644	80730	14983	20004	94527	56284	24174	47406	
35150	27897	8721	31222	4580	7461	21199	5455	28914	81579	41077	54485	49305	68830	69514	40545	87539	72084	94973	33845	
23742	71740	31136	42161	37306	54385	44159	74845	99482	33425	70271	10632	7157	39701	27798	57791	59531	51793	53886	83761	
84729	79486	8163	23433	91634	76589	22329	43924	56297	83382	22295	59549	34643	3362	62931	72569	91605	88583	13674	42544	
87209	69524	41841	19201	18056	4420	50539	69631	46600	85222	29806	57978	85087	65694	96735	57945	89490	22443	15664	38317	
50103	32231	97098	73594	38176	51740	30871	95312	37722	74779	40708	2712	64045	24732	29688	99103	53529	75694	78256	87482	
56140	83099	99921	18013	29823	4841	67177	63993	36509	35708	10879	12124	86991	78251	92405	82218	37521	33983	45441	58068	
17929	7984	76376	83105	58638	49605	25284	46132	88238	1462	62138	91366	43683	79293	29240	25093	75161	38628	46191	95154	
96159	13887	4435	95393	21115	69082	8675	47914	69693	18033	3059	63609	58333	95888	81816	78233	53079	68232	57323	72449	
64232	77778	85345	91483	96548	8886	36244	48249	69580	12131	23995	40912	48280	1367	20782	30818	89133	97729	84453	90318	
59831	71788	89651	77173	44815	63016	22712	78786	57800	47876	35612	72075	11857	29297	38276	11452	95326	64669	89886	53217	
97726	49393	66979	13341	10951	767	70235	11913	96791	81878	80078	96427	84806	40779	17906	37855	78716	7241	65391	13381	
91043	44919	21536	38595	62309	75149	6558	14572	19856	24945	61802	31917	82797	55939	79570	83444	89478	48216	15107	34327	
23394	22225	43490	68199	73416	26523	46445	90852	9326	80766	3088	90325	70003	41323	46997	11248	23115	11820	6077	16509	
36311	85440	91990	83497	90663	42628	13216	32381	11301	35772	24973	53300	19714	10060	96498	11918	55042	14640	65399	5269	
39210	70236	8626	46518	5309	53430	90154	44357	80430	58591	18191	69443	82849	7190	32949	45717	23930	9071	62309	93537	
2563	77344	8354	51510	13629	92277	58120	16961	85953	46572	69141	77889	54433	87079	47672	83822	37271	49237	40357	24487	
35398	20091	61715	636	20159	80423	27704	70101	13751	2349	81957	13485	71936	67383	6122	57732	32294	35251	53906	29105	
79491	48673	41576	6829	4883	88252	60685	57477	22971	56409	25573	73264	92403	94490	32555	14884	36495	22041	60640	80854	
37865	75725	9348	85924	96050	53773	73624	27753	48388	1246	52382	96346	55795	32761	89276	49464	47890	58052	66206	35761	
12807	39143	6112	26295	30850	96149	79758	8763	59325	11538	44063	54667	44834	17721	59376	13130	12942	58686	69382	54074	
11000	28498	19511	74466	32002	68295	1201	15144	98669	63216	63843	12571	18150	76881	421	92709	53340	60039	14929	48577	
76895	57531	45546	15871	86534	4926	37128	37933	31123	55490	16982	87474	2132	28303	34105	86059	71860	70254	83799	17882	
39962	60282	30225	48344	68579	66696	61949	38013	69994	33952	87223	18028	15074	79533	71728	67017	37364	30349	22989	44754	
79257	40605	56537	87725	9741	21881	63939	41959	77473	10503	88987	82398	95452	89759	3330	90597	47000	22511	86197	33577	
61327	53730	63611	33514	26323	23517	82103	84599	29311	57178	99835	71748	59353	38710	48424	92822	37902	98594	56464	82312	
19419	31792	95692	65765	30947	62983	4874	72057	78482	2280	3335	46082	30837	23742	85766	66154	77406	3656	95856	71773	
48324	64308	38798	35278	95375	97029	44896	89064	47998	57605	13120	25587	25049	41639	81101	58745	85867	80879	54571	78928	
53758	49782	60911	80026	20394	44188	39721	31274	63546	51815	75898	29611	90034	45037	8381	38162	64165	33309	68318	98123	
54095	55684	13739	7830	38511	45149	83586	15730	89845	15591	40499	87413	76939	61733	27989	36769	56117	90287	13094	92044	
70319	65573	467	43903	74191	60096	86879	8938	11618	95462	71280	60369	98949	77038	22330	14282	82025	85127	52503	98280	
29924	77944	4495	34067	91278	81028	8250	61751	36223	25901	43275	42030	93481	67328	31859	42316	42331	82386	23916	50573	
45256	91293	15092	68927	70722	77667	43145	57434	59823	34147	16974	76330	40536	28834	94134	46941	85856	81219	34917	38577	
14305	97148	76875	51054	80408	84434	97270	16345	71040	83514	13129	1178	51605	42400	35216	9604	35463	12032	45718	85509	
70336	8035	84946	4575	31439	30872	76387	70187	68448	89251	48707	97999	99896	74496	13326	58902	39126	6515	68636	22207	
26219	4451	89672	50227	17751	97718	44165	94705	7145	7615	67361	1016	44289	57679	42288	16045	8815	96619	53503	6356	
90103	66103	56661	90532	6449	49383	45245	78352	16111	68039	5505	75549	76926	78940	69743	28312	17799	32583	86873	36588	
59715	56669	62672	21849	99789	3828	2162	71670	72936	5749	774	33301	26211	95605	58367	55041	15554	91889	83706	10933	
87281	39044	65872	43701	28495	84735	81767	15518	56316	68888	88044	72317	34150	30834	28897	57375	16078	3488	94806	85053	
96923	93653	53891	64457	73877	5386	23834	26381	6931	62036	5735	50691	49442	29935	12834	18855	84498	56871	55491	2156	
14938	96442	25720	50878	68116	6787	77094	64312	57444	91778	69466	29607	87627	11415	73847	76058	35043	3040	69	27848	
66673	13673	12923	86964	12995	44037	26107	15582	12431	77590	90171	35859	52216	40359	44480	5545	33636	34866	33663	36522	
5962	78349	84801	80675	99183	9964	45857	11599	90116	7917	29332	94020	46525	42343	93838	8924	29250	12610	48075	8191	
91166	54013	25312	80028	41533	50613	11107	98695	4059	52926	16519	95004	66607	5643	13406	2018	71655	23063	15427	53704	
27087	58332	61919	84882	19846	61737	61172	40259	12596	36701	39014	65830	49552	73048	99239	92545	81727	61394	58407	89862	
52536	57325	84141	70133	28756	47222	81442	64685	17826	95977	75939	40073	94529	61920	96132	25431	54243	49512	71708	81240	
30874	73480	78096	14853	8206	23558	84493	39392	57142	8943	40355	31471	95931	63353	7191	38191	15671	14535	58645	82756	
56106	67019	71291	89411	14418	50421	32088	99871	76727	46997	16462	75167	21427	38581	63190	81420	76507	32160	82395	49713	
37023	43058	81108	52560	24691	57719	18195	19941	17713	18366	19392	85394	34062	7175	17049	43318	79380	72248	70526	81076	
21923	58296	63977	74191	80151	45225	26333	6313	58261	99478	98926	42529	12307	13546	59596	95155	38505	27277	97695	12489	
99070	81669	52492	15520	15546	63941	3788	12028	9434	64280	47488	47621	66433	80504	97515	9998	52428	47786	92559	6028	
78782	5674	12186	17004	69014	39938	2737	81286	71835	40955	62821	98059	97937	55123	48942	43536	93385	81451	83619	77179	
23266	73764	66908	28190	98361	37368	83988	23734	79658	21225	80350	62431	23683	75873	63479	4471	37057	86569	86471	27802	
25115	7851	31467	55709	87536	32576	38077	80523	58869	54059	15890	53629	73234	9801	60463	55976	13931	23550	28265	77291	
57005	56952	23805	80983	71122	36346	77916	51914	55319	71891	26740	6912	98026	66495	40140	73371	8776	53522	87044	5785	
37315	44198	18051	37323	96850	57464	15214	37218	29335	94280	13051	49102	66634	80570	47287	23110	41665	41107	7221	17516	
49179	37812	10922	84076	95099	52825	79544	77039	42706	41231	99104	49148	64440	68488	97906	82739	95503	38539	20333	74237	
94565	20663	8018	81622	68542	56622	49852	23269	9237	99639	92698	66123	67794	6478	30695	30734	38732	25267	39366	62886	
0	1
2	3
0	3
4	5
6	7
4	7
0	7
8	9
10	11
8	11
12	13
14	15
12	15
8	15
0	15
16	17
18	19
16	19
20	21
22	23
20	23
16	23
24	25
26	27
24	27
28	29
30	31
28	31
24	31
16	31
0	31
32	33
34	35
32	35
36	37
38	39
36	39
32	39
40	41
42	43
40	43
44	45
46	47
44	47
40	47
32	47
48	49
50	51
48	51
52	53
54	55
52	55
48	55
56	57
58	59
56	59
60	61
60	62
56	62
48	62
32	62
0	62
63	64
65	66
63	66
67	68
69	70
67	70
63	70
71	72
73	74
71	74
75	76
77	78
75	78
71	78
63	78
79	80
81	82
79	82
83	84
85	86
83	86
79	86
87	88
89	90
87	90
91	92
91	93
87	93
79	93
63	93
94	95
96	97
94	97
98	99
100	101
98	101
94	101
102	103
104	105
102	105
106	107
108	109
106	109
102	109
94	109
110	111
112	113
110	113
114	115
116	117
114	117
110	117
118	119
120	121
118	121
122	123
122	124
118	124
110	124
94	124
63	124
0	124
125	126
127	128
125	128
129	130
131	132
129	132
125	132
133	134
135	136
133	136
137	138
139	140
137	140
133	140
125	140
141	142
143	144
141	144
145	146
147	148
145	148
141	148
149	150
151	152
149	152
153	154
155	156
153	156
149	156
141	156
125	156
157	158
159	160
157	160
161	162
163	164
161	164
157	164
165	166
167	168
165	168
169	170
171	172
169	172
165	172
157	172
173	174
175	176
173	176
177	178
179	180
177	180
173	180
181	182
183	184
181	184
185	186
185	187
181	187
173	187
157	187
125	187
188	189
190	191
188	191
192	193
194	195
192	195
188	195
196	197
198	199
196	199
200	201
202	203
200	203
196	203
188	203
204	205
206	207
204	207
208	209
210	211
208	211
204	211
212	213
214	215
212	215
216	217
216	218
212	218
204	218
188	218
219	220
221	222
219	222
223	224
225	226
223	226
219	226
227	228
229	230
227	230
231	232
233	234
231	234
227	234
219	234
235	236
237	238
235	238
239	240
241	242
239	242
235	242
243	244
245	246
243	246
247	248
247	249
243	249
235	249
219	249
188	249
125	249
0	249
250	251
252	253
250	253
254	255
256	257
254	257
250	257
258	259
260	261
258	261
262	263
264	265
262	265
258	265
250	265
266	267
268	269
266	269
270	271
272	273
270	273
266	273
274	275
276	277
274	277
278	279
280	281
278	281
274	281
266	281
250	281
282	283
284	285
282	285
286	287
288	289
286	289
282	289
290	291
292	293
290	293
294	295
296	297
294	297
290	297
282	297
298	299
300	301
298	301
302	303
304	305
302	305
298	305
306	307
308	309
306	309
310	311
310	312
306	312
298	312
282	312
250	312
313	314
315	316
313	316
317	318
319	320
317	320
313	320
321	322
323	324
321	324
325	326
327	328
325	328
321	328
313	328
329	330
331	332
329	332
333	334
335	336
333	336
329	336
337	338
339	340
337	340
341	342
341	343
337	343
329	343
313	343
344	345
346	347
344	347
348	349
350	351
348	351
344	351
352	353
354	355
352	355
356	357
358	359
356	359
352	359
344	359
360	361
362	363
360	363
364	365
366	367
364	367
360	367
368	369
370	371
368	371
372	373
372	374
368	374
360	374
344	374
313	374
250	374
375	376
377	378
375	378
379	380
381	382
379	382
375	382
383	384
385	386
383	386
387	388
389	390
387	390
383	390
375	390
391	392
393	394
391	394
395	396
397	398
395	398
391	398
399	400
401	402
399	402
403	404
405	406
403	406
399	406
391	406
375	406
407	408
409	410
407	410
411	412
413	414
411	414
407	414
415	416
417	418
415	418
419	420
421	422
419	422
415	422
407	422
423	424
425	426
423	426
427	428
429	430
427	430
423	430
431	432
433	434
431	434
435	436
435	437
431	437
423	437
407	437
375	437
438	439
440	441
438	441
442	443
444	445
442	445
438	445
446	447
448	449
446	449
450	451
452	453
450	453
446	453
438	453
454	455
456	457
454	457
458	459
460	461
458	461
454	461
462	463
464	465
462	465
466	467
466	468
462	468
454	468
438	468
469	470
471	472
469	472
473	474
475	476
473	476
469	476
477	478
479	480
477	480
481	482
483	484
481	484
477	484
469	484
485	486
487	488
485	488
489	490
491	492
489	492
485	492
493	494
495	496
493	496
497	498
497	499
493	499
485	499
469	499
438	499
375	499
250	499
0	499
500	501
502	503
500	503
504	505
506	507
504	507
500	507
508	509
510	511
508	511
512	513
514	515
512	515
508	515
500	515
516	517
518	519
516	519
520	521
522	523
520	523
516	523
524	525
526	527
524	527
528	529
530	531
528	531
524	531
516	531
500	531
532	533
534	535
532	535
536	537
538	539
536	539
532	539
540	541
542	543
540	543
544	545
546	547
544	547
540	547
532	547
548	549
550	551
548	551
552	553
554	555
552	555
548	555
556	557
558	559
556	559
560	561
560	562
556	562
548	562
532	562
500	562
563	564
565	566
563	566
567	568
569	570
567	570
563	570
571	572
573	574
571	574
575	576
577	578
575	578
571	578
563	578
579	580
581	582
579	582
583	584
585	586
583	586
579	586
587	588
589	590
587	590
591	592
591	593
587	593
579	593
563	593
594	595
596	597
594	597
598	599
600	601
598	601
594	601
602	603
604	605
602	605
606	607
608	609
606	609
602	609
594	609
610	611
612	613
610	613
614	615
616	617
614	617
610	617
618	619
620	621
618	621
622	623
622	624
618	624
610	624
594	624
563	624
500	624
625	626
627	628
625	628
629	630
631	632
629	632
625	632
633	634
635	636
633	636
637	638
639	640
637	640
633	640
625	640
641	642
643	644
641	644
645	646
647	648
645	648
641	648
649	650
651	652
649	652
653	654
655	656
653	656
649	656
641	656
625	656
657	658
659	660
657	660
661	662
663	664
661	664
657	664
665	666
667	668
665	668
669	670
671	672
669	672
665	672
657	672
673	674
675	676
673	676
677	678
679	680
677	680
673	680
681	682
683	684
681	684
685	686
685	687
681	687
673	687
657	687
625	687
688	689
690	691
688	691
692	693
694	695
692	695
688	695
696	697
698	699
696	699
700	701
702	703
700	703
696	703
688	703
704	705
706	707
704	707
708	709
710	711
708	711
704	711
712	713
714	715
712	715
716	717
716	718
712	718
704	718
688	718
719	720
721	722
719	722
723	724
725	726
723	726
719	726
727	728
729	730
727	730
731	732
733	734
731	734
727	734
719	734
735	736
737	738
735	738
739	740
741	742
739	742
735	742
743	744
745	746
743	746
747	748
747	749
743	749
735	749
719	749
688	749
625	749
500	749
750	751
752	753
750	753
754	755
756	757
754	757
750	757
758	759
760	761
758	761
762	763
764	765
762	765
758	765
750	765
766	767
768	769
766	769
770	771
772	773
770	773
766	773
774	775
776	777
774	777
778	779
780	781
778	781
774	781
766	781
750	781
782	783
784	785
782	785
786	787
788	789
786	789
782	789
790	791
792	793
790	793
794	795
796	797
794	797
790	797
782	797
798	799
800	801
798	801
802	803
804	805
802	805
798	805
806	807
808	809
806	809
810	811
810	812
806	812
798	812
782	812
750	812
813	814
815	816
813	816
817	818
819	820
817	820
813	820
821	822
823	824
821	824
825	826
827	828
825	828
821	828
813	828
829	830
831	832
829	832
833	834
835	836
833	836
829	836
837	838
839	840
837	840
841	842
841	843
837	843
829	843
813	843
844	845
846	847
844	847
848	849
850	851
848	851
844	851
852	853
854	855
852	855
856	857
858	859
856	859
852	859
844	859
860	861
862	863
860	863
864	865
866	867
864	867
860	867
868	869
870	871
868	871
872	873
872	874
868	874
860	874
844	874
813	874
750	874
875	876
877	878
875	878
879	880
881	882
879	882
875	882
883	884
885	886
883	886
887	888
889	890
887	890
883	890
875	890
891	892
893	894
891	894
895	896
897	898
895	898
891	898
899	900
901	902
899	902
903	904
905	906
903	906
899	906
891	906
875	906
907	908
909	910
907	910
911	912
913	914
911	914
907	914
915	916
917	918
915	918
919	920
921	922
919	922
915	922
907	922
923	924
925	926
923	926
927	928
929	930
927	930
923	930
931	932
933	934
931	934
935	936
935	937
931	937
923	937
907	937
875	937
938	939
940	941
938	941
942	943
944	945
942	945
938	945
946	947
948	949
946	949
950	951
952	953
950	953
946	953
938	953
954	955
956	957
954	957
958	959
960	961
958	961
954	961
962	963
964	965
962	965
966	967
966	968
962	968
954	968
938	968
969	970
971	972
969	972
973	974
975	976
973	976
969	976
977	978
979	980
977	980
981	982
983	984
981	984
977	984
969	984
985	986
987	988
985	988
989	990
991	992
989	992
985	992
993	994
995	996
993	996
997	998
997	999
993	999
985	999
969	999
938	999
875	999
750	999
500	999
0	999
1000	1001
1002	1003
1000	1003
1004	1005
1006	1007
1004	1007
1000	1007
1008	1009
1010	1011
1008	1011
1012	1013
1014	1015
1012	1015
1008	1015
1000	1015
1016	1017
1018	1019
1016	1019
1020	1021
1022	1023
1020	1023
1016	1023
1024	1025
1026	1027
1024	1027
1028	1029
1030	1031
1028	1031
1024	1031
1016	1031
1000	1031
1032	1033
1034	1035
1032	1035
1036	1037
1038	1039
1036	1039
1032	1039
1040	1041
1042	1043
1040	1043
1044	1045
1046	1047
1044	1047
1040	1047
1032	1047
1048	1049
1050	1051
1048	1051
1052	1053
1054	1055
1052	1055
1048	1055
1056	1057
1058	1059
1056	1059
1060	1061
1060	1062
1056	1062
1048	1062
1032	1062
1000	1062
1063	1064
1065	1066
1063	1066
1067	1068
1069	1070
1067	1070
1063	1070
1071	1072
1073	1074
1071	1074
1075	1076
1077	1078
1075	1078
1071	1078
1063	1078
1079	1080
1081	1082
1079	1082
1083	1084
1085	1086
1083	1086
1079	1086
1087	1088
1089	1090
1087	1090
1091	1092
1091	1093
1087	1093
1079	1093
1063	1093
1094	1095
1096	1097
1094	1097
1098	1099
1100	1101
1098	1101
1094	1101
1102	1103
1104	1105
1102	1105
1106	1107
1108	1109
1106	1109
1102	1109
1094	1109
1110	1111
1112	1113
1110	1113
1114	1115
1116	1117
1114	1117
1110	1117
1118	1119
1120	1121
1118	1121
1122	1123
1122	1124
1118	1124
1110	1124
1094	1124
1063	1124
1000	1124
1125	1126
1127	1128
1125	1128
1129	1130
1131	1132
1129	1132
1125	1132
1133	1134
1135	1136
1133	1136
1137	1138
1139	1140
1137	1140
1133	1140
1125	1140
1141	1142
1143	1144
1141	1144
1145	1146
1147	1148
1145	1148
1141	1148
1149	1150
1151	1152
1149	1152
1153	1154
1155	1156
1153	1156
1149	1156
1141	1156
1125	1156
1157	1158
1159	1160
1157	1160
1161	1162
1163	1164
1161	1164
1157	1164
1165	1166
1167	1168
1165	1168
1169	1170
1171	1172
1169	1172
1165	1172
1157	1172
1173	1174
1175	1176
1173	1176
1177	1178
1179	1180
1177	1180
1173	1180
1181	1182
1183	1184
1181	1184
1185	1186
1185	1187
1181	1187
1173	1187
1157	1187
1125	1187
1188	1189
1190	1191
1188	1191
1192	1193
1194	1195
1192	1195
1188	1195
1196	1197
1198	1199
1196	1199
1200	1201
1202	1203
1200	1203
1196	1203
1188	1203
1204	1205
1206	1207
1204	1207
1208	1209
1210	1211
1208	1211
1204	1211
1212	1213
1214	1215
1212	1215
1216	1217
1216	1218
1212	1218
1204	1218
1188	1218
1219	1220
1221	1222
1219	1222
1223	1224
1225	1226
1223	1226
1219	1226
1227	1228
1229	1230
1227	1230
1231	1232
1233	1234
1231	1234
1227	1234
1219	1234
1235	1236
1237	1238
1235	1238
1239	1240
1241	1242
1239	1242
1235	1242
1243	1244
1245	1246
1243	1246
1247	1248
1247	1249
1243	1249
1235	1249
1219	1249
1188	1249
1125	1249
1000	1249
1250	1251
1252	1253
1250	1253
1254	1255
1256	1257
1254	1257
1250	1257
1258	1259
1260	1261
1258	1261
1262	1263
1264	1265
1262	1265
1258	1265
1250	1265
1266	1267
1268	1269
1266	1269
1270	1271
1272	1273
1270	1273
1266	1273
1274	1275
1276	1277
1274	1277
1278	1279
1280	1281
1278	1281
1274	1281
1266	1281
1250	1281
1282	1283
1284	1285
1282	1285
1286	1287
1288	1289
1286	1289
1282	1289
1290	1291
1292	1293
1290	1293
1294	1295
1296	1297
1294	1297
1290	1297
1282	1297
1298	1299
1300	1301
1298	1301
1302	1303
1304	1305
1302	1305
1298	1305
1306	1307
1308	1309
1306	1309
1310	1311
1310	1312
1306	1312
1298	1312
1282	1312
1250	1312
1313	1314
1315	1316
1313	1316
1317	1318
1319	1320
1317	1320
1313	1320
1321	1322
1323	1324
1321	1324
1325	1326
1327	1328
1325	1328
1321	1328
1313	1328
1329	1330
1331	1332
1329	1332
1333	1334
1335	1336
1333	1336
1329	1336
1337	1338
1339	1340
1337	1340
1341	1342
1341	1343
1337	1343
1329	1343
1313	1343
1344	1345
1346	1347
1344	1347
1348	1349
1350	1351
1348	1351
1344	1351
1352	1353
1354	1355
1352	1355
1356	1357
1358	1359
1356	1359
1352	1359
1344	1359
1360	1361
1362	1363
1360	1363
1364	1365
1366	1367
1364	1367
1360	1367
1368	1369
1370	1371
1368	1371
1372	1373
1372	1374
1368	1374
1360	1374
1344	1374
1313	1374
1250	1374
1375	1376
1377	1378
1375	1378
1379	1380
1381	1382
1379	1382
1375	1382
1383	1384
1385	1386
1383	1386
1387	1388
1389	1390
1387	1390
1383	1390
1375	1390
1391	1392
1393	1394
1391	1394
1395	1396
1397	1398
1395	1398
1391	1398
1399	1400
1401	1402
1399	1402
1403	1404
1405	1406
1403	1406
1399	1406
1391	1406
1375	1406
1407	1408
1409	1410
1407	1410
1411	1412
1413	1414
1411	1414
1407	1414
1415	1416
1417	1418
1415	1418
1419	1420
1421	1422
1419	1422
1415	1422
1407	1422
1423	1424
1425	1426
1423	1426
1427	1428
1429	1430
1427	1430
1423	1430
1431	1432
1433	1434
1431	1434
1435	1436
1435	1437
1431	1437
1423	1437
1407	1437
1375	1437
1438	1439
1440	1441
1438	1441
1442	1443
1444	1445
1442	1445
1438	1445
1446	1447
1448	1449
1446	1449
1450	1451
1452	1453
1450	1453
1446	1453
1438	1453
1454	1455
1456	1457
1454	1457
1458	1459
1460	1461
1458	1461
1454	1461
1462	1463
1464	1465
1462	1465
1466	1467
1466	1468
1462	1468
1454	1468
1438	1468
1469	1470
1471	1472
1469	1472
1473	1474
1475	1476
1473	1476
1469	1476
1477	1478
1479	1480
1477	1480
1481	1482
1483	1484
1481	1484
1477	1484
1469	1484
1485	1486
1487	1488
1485	1488
1489	1490
1491	1492
1489	1492
1485	1492
1493	1494
1495	1496
1493	1496
1497	1498
1497	1499
1493	1499
1485	1499
1469	1499
1438	1499
1375	1499
1250	1499
1000	1499
1500	1501
1502	1503
1500	1503
1504	1505
1506	1507
1504	1507
1500	1507
1508	1509
1510	1511
1508	1511
1512	1513
1514	1515
1512	1515
1508	1515
1500	1515
1516	1517
1518	1519
1516	1519
1520	1521
1522	1523
1520	1523
1516	1523
1524	1525
1526	1527
1524	1527
1528	1529
1530	1531
1528	1531
1524	1531
1516	1531
1500	1531
1532	1533
1534	1535
1532	1535
1536	1537
1538	1539
1536	1539
1532	1539
1540	1541
1542	1543
1540	1543
1544	1545
1546	1547
1544	1547
1540	1547
1532	1547
1548	1549
1550	1551
1548	1551
1552	1553
1554	1555
1552	1555
1548	1555
1556	1557
1558	1559
1556	1559
1560	1561
1560	1562
1556	1562
1548	1562
1532	1562
1500	1562
1563	1564
1565	1566
1563	1566
1567	1568
1569	1570
1567	1570
1563	1570
1571	1572
1573	1574
1571	1574
1575	1576
1577	1578
1575	1578
1571	1578
1563	1578
1579	1580
1581	1582
1579	1582
1583	1584
1585	1586
1583	1586
1579	1586
1587	1588
1589	1590
1587	1590
1591	1592
1591	1593
1587	1593
1579	1593
1563	1593
1594	1595
1596	1597
1594	1597
1598	1599
1600	1601
1598	1601
1594	1601
1602	1603
1604	1605
1602	1605
1606	1607
1608	1609
1606	1609
1602	1609
1594	1609
1610	1611
1612	1613
1610	1613
1614	1615
1616	1617
1614	1617
1610	1617
1618	1619
1620	1621
1618	1621
1622	1623
1622	1624
1618	1624
1610	1624
1594	1624
1563	1624
1500	1624
1625	1626
1627	1628
1625	1628
1629	1630
1631	1632
1629	1632
1625	1632
1633	1634
1635	1636
1633	1636
1637	1638
1639	1640
1637	1640
1633	1640
1625	1640
1641	1642
1643	1644
1641	1644
1645	1646
1647	1648
1645	1648
1641	1648
1649	1650
1651	1652
1649	1652
1653	1654
1655	1656
1653	1656
1649	1656
1641	1656
1625	1656
1657	1658
1659	1660
1657	1660
1661	1662
1663	1664
1661	1664
1657	1664
1665	1666
1667	1668
1665	1668
1669	1670
1671	1672
1669	1672
1665	1672
1657	1672
1673	1674
1675	1676
1673	1676
1677	1678
1679	1680
1677	1680
1673	1680
1681	1682
1683	1684
1681	1684
1685	1686
1685	1687
1681	1687
1673	1687
1657	1687
1625	1687
1688	1689
1690	1691
1688	1691
1692	1693
1694	1695
1692	1695
1688	1695
1696	1697
1698	1699
1696	1699
1700	1701
1702	1703
1700	1703
1696	1703
1688	1703
1704	1705
1706	1707
1704	1707
1708	1709
1710	1711
1708	1711
1704	1711
1712	1713
1714	1715
1712	1715
1716	1717
1716	1718
1712	1718
1704	1718
1688	1718
1719	1720
1721	1722
1719	1722
1723	1724
1725	1726
1723	1726
1719	1726
1727	1728
1729	1730
1727	1730
1731	1732
1733	1734
1731	1734
1727	1734
1719	1734
1735	1736
1737	1738
1735	1738
1739	1740
1741	1742
1739	1742
1735	1742
1743	1744
1745	1746
1743	1746
1747	1748
1747	1749
1743	1749
1735	1749
1719	1749
1688	1749
1625	1749
1500	1749
1750	1751
1752	1753
1750	1753
1754	1755
1756	1757
1754	1757
1750	1757
1758	1759
1760	1761
1758	1761
1762	1763
1764	1765
1762	1765
1758	1765
1750	1765
1766	1767
1768	1769
1766	1769
1770	1771
1772	1773
1770	1773
1766	1773
1774	1775
1776	1777
1774	1777
1778	1779
1780	1781
1778	1781
1774	1781
1766	1781
1750	1781
1782	1783
1784	1785
1782	1785
1786	1787
1788	1789
1786	1789
1782	1789
1790	1791
1792	1793
1790	1793
1794	1795
1796	1797
1794	1797
1790	1797
1782	1797
1798	1799
1800	1801
1798	1801
1802	1803
1804	1805
1802	1805
1798	1805
1806	1807
1808	1809
1806	1809
1810	1811
1810	1812
1806	1812
1798	1812
1782	1812
1750	1812
1813	1814
1815	1816
1813	1816
1817	1818
1819	1820
1817	1820
1813	1820
1821	1822
1823	1824
1821	1824
1825	1826
1827	1828
1825	1828
1821	1828
1813	1828
1829	1830
1831	1832
1829	1832
1833	1834
1835	1836
1833	1836
1829	1836
1837	1838
1839	1840
1837	1840
1841	1842
1841	1843
1837	1843
1829	1843
1813	1843
1844	1845
1846	1847
1844	1847
1848	1849
1850	1851
1848	1851
1844	1851
1852	1853
1854	1855
1852	1855
1856	1857
1858	1859
1856	1859
1852	1859
1844	1859
1860	1861
1862	1863
1860	1863
1864	1865
1866	1867
1864	1867
1860	1867
1868	1869
1870	1871
1868	1871
1872	1873
1872	1874
1868	1874
1860	1874
1844	1874
1813	1874
1750	1874
1875	1876
1877	1878
1875	1878
1879	1880
1881	1882
1879	1882
1875	1882
1883	1884
1885	1886
1883	1886
1887	1888
1889	1890
1887	1890
1883	1890
1875	1890
1891	1892
1893	1894
1891	1894
1895	1896
1897	1898
1895	1898
1891	1898
1899	1900
1901	1902
1899	1902
1903	1904
1905	1906
1903	1906
1899	1906
1891	1906
1875	1906
1907	1908
1909	1910
1907	1910
1911	1912
1913	1914
1911	1914
1907	1914
1915	1916
1917	1918
1915	1918
1919	1920
1921	1922
1919	1922
1915	1922
1907	1922
1923	1924
1925	1926
1923	1926
1927	1928
1929	1930
1927	1930
1923	1930
1931	1932
1933	1934
1931	1934
1935	1936
1935	1937
1931	1937
1923	1937
1907	1937
1875	1937
1938	1939
1940	1941
1938	1941
1942	1943
1944	1945
1942	1945
1938	1945
1946	1947
1948	1949
1946	1949
1950	1951
1952	1953
1950	1953
1946	1953
1938	1953
1954	1955
1956	1957
1954	1957
1958	1959
1960	1961
1958	1961
1954	1961
1962	1963
1964	1965
1962	1965
1966	1967
1966	1968
1962	1968
1954	1968
1938	1968
1969	1970
1971	1972
1969	1972
1973	1974
1975	1976
1973	1976
1969	1976
1977	1978
1979	1980
1977	1980
1981	1982
1983	1984
1981	1984
1977	1984
1969	1984
1985	1986
1987	1988
1985	1988
1989	1990
1991	1992
1989	1992
1985	1992
1993	1994
1995	1996
1993	1996
1997	1998
1997	1999
1993	1999
1985	1999
1969	1999
1938	1999
1875	1999
1750	1999
1500	1999
1000	1999
0	1999
37	69	83	131	421	467	514	563	636	662	667	674	752	767	774	1016	1088	1178	1201	1242	
1246	1291	1296	1367	1439	1441	1462	1508	1783	1796	1800	1828	1913	2018	2132	2156	2156	2156	2162	2200	
2271	2280	2349	2440	2446	2563	2623	2682	2712	2714	2737	2853	2871	3040	3059	3088	3153	3311	3330	3335	
3362	3442	3488	3498	3500	3563	3602	3656	3713	3788	3828	4059	4179	4420	4435	4451	4471	4495	4575	4580	
4662	4709	4760	4841	4874	4883	4920	4926	5072	5115	5269	5309	5386	5455	5505	5545	5643	5674	5705	5727	
5735	5749	5785	5877	5879	5950	5962	5988	6028	6077	6112	6122	6128	6161	6182	6313	6356	6414	6449	6454	
6477	6478	6490	6515	6531	6558	6567	6578	6722	6787	6824	6829	6912	6931	6981	6990	7013	7057	7087	7145	
7157	7175	7183	7190	7191	7201	7221	7241	7440	7461	7538	7615	7828	7830	7851	7889	7914	7917	7941	7984	
8018	8035	8163	8191	8206	8250	8259	8333	8354	8381	8416	8533	8586	8602	8626	8666	8675	8706	8721	8743	
8763	8773	8776	8815	8856	8886	8924	8938	8943	8966	9071	9162	9174	9202	9237	9266	9310	9314	9322	9326	
9348	9429	9434	9441	9585	9604	9662	9741	9801	9964	9977	9998	10060	10357	10499	10503	10594	10632	10655	10879	
10887	10922	10933	10951	11000	11107	11136	11248	11266	11267	11301	11319	11415	11417	11452	11482	11538	11599	11618	11692	
11820	11857	11913	11918	11936	12028	12032	12051	12124	12131	12186	12220	12273	12307	12431	12489	12571	12596	12610	12618	
12640	12784	12807	12819	12834	12923	12942	12976	12988	12995	13051	13094	13120	13129	13130	13191	13202	13216	13310	13326	
13341	13381	13406	13458	13477	13485	13508	13546	13629	13654	13665	13673	13674	13739	13751	13777	13887	13920	13931	14048	
14102	14178	14249	14282	14305	14318	14337	14418	14535	14572	14640	14702	14726	14791	14802	14853	14884	14887	14929	14938	
14983	15016	15074	15083	15092	15107	15143	15144	15214	15372	15373	15427	15514	15518	15520	15539	15546	15554	15582	15591	
15664	15671	15730	15871	15890	15910	16024	16045	16078	16108	16111	16254	16261	16306	16345	16462	16509	16519	16961	16974	
16982	17004	17049	17069	17355	17435	17444	17480	17516	17623	17713	17719	17721	17751	17758	17779	17799	17826	17882	17906	
17929	18013	18028	18033	18051	18056	18136	18144	18150	18191	18195	18248	18363	18366	18416	18542	18659	18855	18861	18899	
18977	18999	19106	19134	19152	19201	19230	19344	19392	19419	19511	19570	19632	19653	19714	19729	19756	19768	19823	19846	
19856	19941	20004	20076	20091	20159	20167	20333	20394	20517	20594	20663	20706	20782	21004	21115	21156	21199	21225	21427	
21536	21544	21558	21849	21881	21923	21954	21969	22037	22041	22153	22207	22208	22215	22225	22289	22295	22329	22330	22443	
22485	22511	22533	22667	22701	22712	22758	22798	22958	22971	22989	23063	23110	23115	23266	23269	23394	23433	23517	23525	
23550	23558	23564	23683	23695	23734	23742	23742	23804	23805	23834	23872	23916	23930	23995	24174	24220	24269	24284	24487	
24628	24691	24730	24732	24945	24973	25020	25049	25093	25115	25267	25284	25312	25329	25411	25431	25449	25553	25573	25587	
25716	25720	25729	25802	25901	26016	26058	26107	26211	26216	26219	26240	26295	26323	26333	26381	26470	26523	26559	26620	
26698	26740	26818	27087	27150	27277	27345	27385	27683	27704	27753	27776	27798	27802	27848	27886	27897	27989	28038	28190	
28265	28303	28312	28457	28495	28498	28555	28640	28735	28756	28827	28834	28897	28914	28923	28924	29065	29067	29105	29183	
29240	29250	29261	29287	29297	29311	29332	29335	29448	29544	29570	29607	29611	29617	29688	29806	29823	29909	29924	29935	
29947	30000	30203	30220	30225	30293	30349	30630	30662	30664	30695	30720	30734	30775	30818	30834	30837	30850	30871	30872	
30874	30947	31053	31090	31106	31123	31136	31222	31229	31274	31364	31439	31467	31471	31516	31589	31667	31777	31783	31792	
31859	31897	31917	31952	31986	32002	32062	32088	32160	32197	32207	32224	32231	32278	32294	32342	32381	32555	32576	32580	
32583	32761	32787	32829	32941	32949	33033	33296	33301	33309	33333	33425	33514	33577	33602	33636	33645	33663	33829	33845	
33952	33983	34042	34062	34067	34105	34138	34147	34150	34327	34539	34643	34696	34778	34819	34866	34893	34917	34931	34955	
35043	35052	35150	35206	35216	35251	35278	35322	35398	35463	35478	35591	35612	35708	35757	35761	35772	35800	35859	35870	
35887	36169	36176	36223	36244	36268	36311	36346	36398	36436	36495	36509	36522	36588	36655	36701	36767	36769	36907	37023	
37057	37128	37218	37271	37306	37315	37323	37364	37368	37455	37488	37521	37722	37728	37812	37855	37865	37895	37902	37933	
38013	38032	38077	38162	38176	38191	38240	38274	38276	38317	38505	38511	38535	38539	38577	38581	38595	38598	38628	38710	
38732	38798	38827	38840	38872	38878	38894	39014	39044	39075	39126	39143	39210	39366	39392	39459	39476	39701	39721	39938	
39962	40073	40140	40209	40213	40232	40254	40259	40288	40312	40355	40357	40359	40434	40469	40499	40536	40545	40572	40605	
40708	40779	40836	40888	40912	40955	41023	41034	41077	41094	41107	41138	41144	41231	41257	41258	41323	41364	41438	41533	
41575	41576	41639	41665	41700	41774	41841	41927	41959	42013	42030	42046	42155	42161	42288	42316	42326	42331	42343	42371	
42400	42465	42529	42544	42628	42706	42827	42850	43058	43145	43229	43275	43317	43318	43399	43445	43490	43536	43566	43574	
43637	43683	43683	43701	43903	43924	43961	44037	44063	44083	44145	44157	44159	44165	44188	44198	44280	44289	44323	44357	
44403	44480	44535	44612	44754	44815	44834	44847	44896	44919	45037	45149	45166	45225	45225	45245	45256	45276	45341	45351	
45441	45477	45497	45546	45626	45717	45718	45839	45857	46082	46132	46132	46191	46286	46445	46518	46525	46572	46600	46646	
46687	46748	46825	46873	46941	46997	46997	47000	47099	47222	47287	47406	47418	47450	47488	47566	47621	47650	47672	47782	
47786	47876	47890	47914	47936	47998	48042	48075	48076	48216	48217	48249	48280	48324	48344	48381	48388	48424	48577	48673	
48707	48824	48868	48918	48942	49027	49102	49148	49174	49179	49237	49305	49383	49393	49413	49442	49464	49512	49552	49599	
49605	49609	49713	49782	49820	49821	49838	49852	50103	50212	50227	50282	50316	50421	50539	50573	50613	50691	50839	50858	
50878	51054	51178	51193	51310	51510	51511	51605	51740	51786	51793	51815	51914	52216	52382	52428	52469	52492	52503	52536	
52560	52739	52778	52825	52855	52926	53015	53079	53217	53249	53300	53340	53350	53430	53503	53522	53525	53528	53529	53629	
53632	53644	53704	53730	53758	53773	53886	53891	53891	53906	53912	53956	53961	53990	54013	54059	54074	54095	54143	54224	
54243	54326	54352	54385	54406	54433	54485	54517	54571	54571	54667	54836	54906	55041	55042	55060	55123	55125	55319	55364	
55380	55385	55490	55491	55659	55684	55709	55795	55801	55823	55830	55939	55976	55991	56106	56117	56140	56140	56161	56220	
56284	56297	56316	56353	56409	56440	56459	56464	56537	56585	56622	56626	56661	56669	56870	56871	56952	56997	57005	57094	
57122	57122	57136	57142	57178	57179	57211	57323	57325	57353	57375	57434	57444	57464	57477	57513	57531	57605	57679	57705	
57719	57732	57791	57800	57888	57945	57978	58004	58052	58068	58104	58120	58261	58296	58332	58333	58367	58392	58407	58419	
58480	58491	58591	58638	58645	58686	58745	58869	58902	58918	58926	58955	59314	59325	59353	59364	59376	59509	59531	59549	
59551	59596	59635	59644	59677	59715	59823	59831	59911	59967	59975	60039	60096	60209	60282	60369	60463	60640	60685	60911	
61152	61172	61237	61298	61298	61327	61394	61503	61715	61733	61737	61751	61802	61919	61920	61949	61969	62013	62036	62138	
62240	62309	62309	62350	62431	62556	62648	62672	62720	62775	62821	62886	62931	62951	62983	63011	63016	63190	63216	63297	
63353	63386	63433	63479	63546	63603	63609	63611	63738	63843	63939	63941	63977	63993	64045	64165	64232	64258	64280	64308	
64312	64421	64440	64457	64494	64590	64641	64651	64669	64685	65033	65120	65133	65169	65391	65399	65403	65457	65573	65659	
65694	65737	65765	65830	65872	66103	66123	66154	66206	66211	66300	66433	66495	66607	66617	66634	66673	66696	66821	66908	
66979	67017	67019	67084	67092	67177	67328	67361	67383	67406	67487	67513	67738	67794	68004	68039	68116	68199	68232	68295	
68318	68354	68426	68448	68488	68514	68542	68579	68592	68636	68830	68888	68927	68938	69014	69082	69090	69141	69209	69252	
69382	69443	69466	69514	69524	69580	69631	69641	69693	69699	69743	69835	69994	69999	70001	70003	70029	70101	70133	70187	
70235	70236	70251	70254	70271	70274	70308	70319	70336	70373	70413	70484	70526	70603	70622	70722	70983	70986	71040	71064	
71122	71125	71130	71155	71190	71202	71240	71280	71291	71418	71510	71598	71655	71670	71689	71708	71728	71740	71748	71773	
71788	71798	71799	71829	71835	71860	71862	71888	71891	71926	71928	71936	72009	72057	72075	72084	72194	72248	72257	72317	
72329	72449	72458	72475	72542	72569	72611	72615	72880	72936	73048	73083	73091	73094	73159	73234	73264	73302	73338	73364	
73371	73390	73416	73425	73480	73492	73536	73543	73594	73624	73667	73733	73744	73764	73847	73877	74191	74191	74237	74306	
74351	74419	74434	74466	74487	74496	74506	74528	74693	74774	74779	74845	75046	75091	75149	75161	75167	75187	75191	75197	
75245	75315	75549	75694	75725	75747	75873	75898	75914	75934	75939	75947	76058	76249	76330	76376	76387	76418	76507	76589	
76727	76875	76881	76895	76926	76938	76939	76980	77022	77038	77039	77067	77094	77132	77173	77179	77291	77344	77406	77452	
77473	77516	77558	77590	77667	77778	77812	77889	77916	77944	78096	78162	78233	78251	78256	78268	78283	78349	78352	78482	
78553	78604	78630	78716	78782	78786	78835	78928	78940	79098	79257	79293	79315	79380	79486	79491	79533	79544	79570	79658	
79665	79670	79758	79816	79958	79993	80026	80028	80032	80048	80078	80131	80151	80280	80350	80408	80423	80430	80504	80523	
80570	80675	80730	80766	80854	80862	80879	80983	81028	81076	81101	81108	81161	81207	81219	81240	81286	81303	81370	81420	
81442	81451	81508	81579	81602	81622	81659	81669	81727	81731	81733	81767	81781	81816	81878	81888	81950	81957	81960	81994	
82025	82103	82119	82177	82199	82218	82280	82312	82348	82369	82386	82395	82398	82459	82739	82756	82797	82849	82851	82870	
82879	82899	82903	82995	83099	83105	83253	83382	83402	83444	83497	83514	83576	83586	83613	83619	83675	83706	83761	83799	
83822	83988	84068	84076	84141	84434	84453	84493	84498	84526	84551	84599	84729	84735	84775	84778	84801	84806	84882	84946	
85053	85087	85104	85127	85204	85222	85284	85320	85345	85394	85440	85509	85766	85856	85867	85924	85953	86059	86197	86391	
86468	86471	86480	86534	86569	86586	86873	86879	86964	86991	87008	87044	87079	87112	87209	87223	87246	87281	87335	87413	
87474	87482	87484	87536	87539	87627	87725	87957	87976	88044	88151	88168	88238	88252	88335	88456	88487	88542	88583	88709	
88767	88987	89026	89044	89064	89072	89133	89144	89251	89276	89311	89370	89389	89411	89422	89478	89490	89495	89558	89651	
89672	89759	89777	89845	89862	89886	89904	89998	90034	90103	90116	90154	90155	90171	90192	90235	90287	90308	90318	90325	
90455	90473	90521	90532	90597	90663	90852	90944	91043	91104	91166	91168	91178	91278	91293	91366	91431	91437	91448	91463	
91483	91540	91581	91605	91634	91690	91747	91778	91885	91889	91945	91990	92014	92044	92277	92311	92324	92403	92405	92425	
92444	92508	92545	92559	92627	92630	92698	92709	92736	92796	92822	92822	92959	92968	93298	93385	93481	93502	93537	93565	
93611	93653	93663	93806	93838	93923	94020	94134	94218	94280	94490	94527	94529	94565	94705	94706	94806	94831	94866	94899	
94973	95004	95071	95099	95154	95155	95273	95312	95317	95326	95375	95384	95393	95452	95462	95503	95518	95589	95605	95624	
95635	95692	95856	95878	95880	95888	95898	95914	95931	95964	95977	96005	96050	96105	96132	96149	96159	96163	96218	96339	
96346	96427	96442	96498	96522	96548	96619	96635	96735	96791	96792	96823	96850	96863	96923	97009	97029	97080	97081	97098	
97148	97270	97281	97349	97360	97467	97477	97515	97545	97555	97684	97695	97718	97726	97729	97828	97906	97937	97999	98011	
98024	98026	98059	98123	98167	98275	98280	98322	98361	98412	98594	98669	98695	98846	98862	98862	98926	98949	98980	99070	
99103	99104	99183	99202	99208	99239	99243	99478	99482	99484	99575	99588	99639	99789	99805	99835	99871	99896	99920	99921	
